0.79081 1.280889
44.3 0.1669492
12.7212 0.1423726
38.0519 0.1231437
2.71819 0.1792976
26.3565 0.1696489
21.7595 0.3227349
0.823964 0.4961722
33.6083 0.1619957
4.46061 0.1938087
3.41364 0.3344128
1.93837 0.295457
3.61744 0.1701286
6.40094 0.3015073
10.3026 0.1343011
59.3653 0.117556
4.88795 0.1454076
21.4983 0.1206351
11.3324 0.1445237
0.224372 0.8906793
1.24836 0.3332012
5.3835 0.1162905
0.529704 0.2722181
1.96817 0.2638161
29.5195 0.179356
0.973216 0.2911193
5.65598 0.1770551
0.0164187 2.42592
14.1468 0.1683208
0.753413 0.3173605
8.06074 0.137212
84.5877 0.1889181
0.106089 0.9264533
5.41807 0.2495077
5.03914 0.155465
12.6194 0.2017846
14.6318 0.1361213
324.372 4.093399
11.3883 0.1160314
7.98184 0.1194518
1.95686 0.1860915
0.398329 0.2280314
9.19387 0.2890747
0.629497 0.3579946
0.0148441 5.885062
1.48219 0.3776608
3.72894 0.1638321
11.9199 0.168571
2.13255 0.2916157
0.852192 0.3719925
3.01197 0.3387882
1.65274 0.4099495
10.5125 0.1246183
9.90994 0.1226526
1.87077 0.2322787
1.42236 0.1947608
5.43649 0.2646211
6.87095 0.1633544
6.1812 0.1716261
18.2488 0.1209614
4.63012 0.2398998
2.07407 0.2275285
2.64506 0.1568263
4.67461 0.1947424
18.0937 0.1600529
15.7229 0.1724332
0.534729 0.5340285
61.0886 0.1525751
14.8636 0.1899136
7.68007 0.1487701
6.67583 0.1310264
14.8785 0.1278724
1.1056 0.2748688
26.1194 0.1724082
1.13497 0.5717332
16.7348 0.1380746
15.919 0.1547396
0.0914743 0.5920062
26.6963 0.1319453
95.6448 0.2546934
2.86887 0.2476219
1.99806 0.5331872
15.0357 0.1197483
8.05898 0.4021427
0.847981 0.3796424
1.17505 0.2645164
99.0771 0.1715729
2.27242 0.1978816
0.953345 0.2973609
6.97072 0.1674942
1.03877 0.2125928
7.71249 0.1300054
5.74147 0.2366293
0.276978 0.6589458
6.05857 0.2527535
6.13384 0.1464433
8.95918 0.1260339
1.56125 0.1442594
18.7457 0.1232229
1.51465 0.2386129
11.3482 0.1449084
1.22296 0.2150111
0.230273 0.7315404
28.2306 0.1798191
0.291805 0.4158788
58.3399 0.1298125
0.079942 1.400603
0.189772 0.4278977
21.3324 0.119806
5.03331 0.1888876
4.70857 0.1495454
9.76368 0.1581688
9.01714 0.1207511
3.17225 16.90657
19.9789 0.1465396
0.184998 0.7255727
1.3926 0.2166631
6.14748 0.1487065
2.64938 0.1600054
1.07285 0.2266067
10.7751 0.4715223
11.2192 0.4346166
63.277 0.1178382
0.453843 0.2415119
0.92092 0.3920645
2.92164 0.1680683
5.20362 0.256557
3.91853 0.1707745
0.455231 0.2509978
35.8684 0.1757355
3.92374 0.4842701
26.2268 0.2580986
3.47761 0.1879639
22.6582 0.1189856
9.24638 0.1278998
3.19498 0.1234327
5.25769 0.1473984
0.676896 0.2987268
8.79111 0.1263145
8.17723 0.1734371
91.3345 0.1267456
37.3252 0.1600956
0.996554 0.423984
7.00167 0.1272989
4.34309 0.3140092
0.149527 0.901369
0.700839 0.2519701
13.6669 0.1159956
1.15368 0.2609476
3.68543 0.160931
1.78456 0.1699915
3.22332 0.1524887
1.63033 0.2951366
0.854298 0.3102735
3.5311 0.2337813
22.2027 0.1575597
336.957 0.1388456
4.90558 0.4075838
1.95119 0.1443247
4.24876 0.1610482
0.382435 0.6380078
0.0891235 0.6025824
7.54046 0.1288496
2.86628 0.188176
3.78162 0.1255494
61.2404 0.158335
1.62962 0.2109909
1.81356 0.3333499
5.88309 0.2564477
4.65722 0.1520585
8.27247 0.1341758
2.64404 0.1363501
5.25386 0.1357783
29.5596 0.2218958
9.67415 0.1201423
0.985116 0.2167735
0.0646291 0.8191426
0.323834 0.5481991
12.1659 0.1226831
3.27674 0.2008505
66.0534 0.1587958
10.2167 0.1285298
18.2649 0.1163571
4.32061 0.1572313
0.328276 0.3791033
60.6466 0.2849261
3.04633 0.1248076
0.498722 0.4420348
15.4015 0.1936402
20.7427 0.1887532
0.175971 0.7344136
1.47719 0.2511999
6.29074 0.1466155
22.7716 0.1321844
3.74809 0.3131502
15.2594 0.1256045
1.17751 0.3545023
4.64016 0.3023312
12.7053 0.1190133
4.28013 0.2250516
0.681865 0.3030695
0.929865 0.2049733
12.6185 0.1291635
12.0421 0.1706513
22.8949 0.1252375
0.308911 1.735903
9.14624 0.1525796
0.854882 0.2667725
26.298 0.1341889
3.43719 0.2287014
13.2737 0.1165463
30.4654 0.1822592
0.424243 0.4223817
2.99268 0.2940943
6.14445 0.1363295
0.461268 0.3819916
11.7251 0.1741947
7.80047 0.1493327
22.8742 0.1177768
3.42346 0.1280576
0.0535272 1.084904
0.536064 1.10049
1.7832 0.281379
1.88528 0.2059535
0.157515 0.702914
10.1261 0.1407551
1.59912 0.3146793
14.904 0.1170726
16.3429 0.1575302
1.96658 0.2665236
4.46837 0.1649494
6.70399 0.154822
17.1683 0.2102305
4.50467 0.181273
212.569 0.1520589
0.0622197 1.299189
0.208128 0.744698
0.274422 0.5089534
3.4256 0.1701191
4.75981 0.1502676
48.7977 0.1439361
4.31249 0.2560389
1.32004 0.1492379
1.19162 0.3165816
0.172777 0.7243354
2.32544 0.2518835
95.6907 0.1243762
6.15582 0.2071129
4.81616 0.1490472
22.8537 0.2540726
0.864543 0.2958713
0.352382 0.43871
2.03138 0.2661491
7.23647 0.1708678
16.6096 0.1399371
13.8727 0.1160661
2.55456 0.1793929
2.41021 0.1943586
5.57244 0.1219932
0.410993 0.6105542
0.858012 0.3674995
4.78788 0.1526375
1.23223 0.2061019
8.1999 0.2197344
0.518084 0.4455503
9.48989 0.1476155
2.42668 0.2038959
0.0566358 1.130179
0.305409 0.4445841
1.95115 0.2266638
13.9981 0.1281567
0.595909 0.6012252
17.6463 0.1386268
14.5366 0.1219542
10.0789 0.1586086
2.67726 0.2402531
11.0644 0.1185017
13.8353 0.1313271
23.968 0.1425839
0.231821 0.5487661
4.12818 0.1412511
0.465039 0.3196721
40.8517 0.2249527
538.403 0.1697604
24.622 0.151452
8.62979 0.136406
0.00923681 9.596126
3.5781 0.187274
2.18749 0.2348056
3.46408 0.16439
3.08446 0.1315871
4.55869 0.2388713
3.60545 0.1482963
24.7427 0.1175619
9.13431 0.1798488
4.69166 0.1302226
13.6907 0.124654
2.29331 0.231301
3.73983 0.1695344
59.7374 0.1517307
4.02562 0.2123896
1.58838 0.2397695
4.88778 0.2200938
6.41387 1.449096
9.00568 0.2951315
1.13429 1.070366
0.476696 0.7580345
8.29436 0.1513583
0.340834 0.7599594
95.8555 0.1935648
1.98697 0.2809328
0.0788719 1.471266
0.0996223 1.6155
48.162 0.1164912
4.01862 0.22502
44.6087 0.1182639
9.52839 0.1246701
7.87157 0.1703047
1.00669 0.3220008
18.6662 0.1739427
1.38785 0.3310841
6.78607 0.2249395
1263.96 0.2059045
0.22212 0.37057
0.202216 0.7163948
1.84994 0.455831
1.89559 0.2556539
17.8006 0.128285
63.9614 0.163261
100.085 0.3946645
19.1595 0.1159581
0.215902 0.598158
8.45469 0.1256468
0.0239675 2.425921
2.62096 0.1745448
0.641239 0.2242822
3.63276 0.1711165
2.55562 0.2154859
0.849642 0.1575652
0.711333 0.9169102
12.762 0.1168155
0.615899 0.2633792
3.81456 0.1531763
6.75183 0.1493736
5.43788 0.1864936
11.4413 1.572522
1.98674 0.1624118
0.108226 0.6095162
12.3354 0.1832044
10.9325 0.1321793
6.15225 0.1173936
0.10134 1.006473
10.593 0.126796
11.8948 0.1272951
1.61664 0.2385658
1.43221 0.2104684
22.5901 0.1250481
6.4419 0.1173947
0.141524 0.3743146
0.0417333 3.083457
14.046 0.1820056
6.35135 0.1467468
21.6654 0.1168453
5.2862 0.1466081
1.93199 0.1758032
7.03156 0.1408244
0.0556375 0.948816
76.5313 0.1179864
5.03006 0.223393
6.95449 0.1246051
7.46447 0.1222846
768.802 0.3422064
16.385 0.1618798
3.21706 0.172238
3.88866 0.2491282
2.00334 0.202397
0.162633 0.7379314
3.55162 0.6915985
201.571 0.2271631
35.1059 0.1607778
4.79608 0.1308496
6.43879 0.1398803
0.506085 0.4410307
5.53283 0.2754106
0.0690786 0.5870878
4.35384 0.2053107
7.18662 0.2709883
11.0483 0.1563498
3.20496 0.1407568
6.60738 0.2174917
386.24 0.1883181
1.08297 0.2620756
2.48452 0.2230471
8.27433 0.1329455
7.38451 0.2049418
51.4994 0.3677198
4.3536 0.1323192
9.5623 0.2039938
4.44772 0.1493518
17.4637 0.1774051
5.17263 0.1978529
6.23467 0.2358016
0.434722 0.4540914
3.37873 0.2018066
2.49391 0.1531872
144.785 0.130901
13.4708 0.1361055
3.5714 0.2072017
4.74287 0.1761318
6.63953 0.2064077
26.749 0.162522
4.48245 0.1735658
2.30962 0.224905
33.1069 0.1738233
57.8122 0.1925173
3.09429 0.3472848
3.25459 0.2232524
5.35871 0.1304306
2.79731 0.4544455
3.4706 0.1494425
14.1298 0.2320946
4.65038 0.2789976
2.75856 0.2417203
3.20948 0.1499308
24.9893 0.1221943
37.7149 0.118782
1.57325 0.2161417
4.91226 0.2039031
0.0255768 1.334676
4.84054 0.1436617
1.64266 0.2558807
0.630657 0.2121763
2.79754 0.1456494
1.76158 0.1753029
0.174345 0.6842955
3.02045 0.2231671
8.93717 0.1387648
1.96062 0.4253042
4.11088 0.1585184
6.80909 0.1506251
3.67224 0.1614491
6.80176 0.2068296
35.8212 0.1388117
0.148205 0.8418576
4.97559 0.1947568
37.3544 0.11659
13.4986 0.1317359
0.752055 0.3040236
0.739492 0.5914182
5.59325 0.1253162
3.79355 0.1442185
0.209341 1.1904
2.2493 0.1642711
0.346704 0.3041932
9.35893 0.1616461
5.5222 0.1800496
2.85222 0.3348006
1.94838 0.184792
10.5894 0.1287986
9.41874 0.2483804
1.97461 0.1644679
5.90644 0.209473
1.13924 0.1466723
0.754434 0.3873009
5.21346 0.1217589
1.37739 0.4322705
3.97794 0.1480188
4.46763 0.1621598
0.687367 0.4314893
3.32634 0.1763876
6.01034 0.1160775
133.718 0.1868634
2.77328 0.2097282
4.48124 0.146272
1.97359 0.2375113
0.882944 0.3139814
55.7395 0.1257277
4.33035 0.1932915
0.380696 0.5315133
29.3754 0.1673611
5.90579 0.1310358
11.2847 0.1167377
13.3148 0.1549591
11.1555 0.3341894
20.3081 0.1176796
7.09569 0.2431976
6.40151 0.3572587
2.92738 0.2782966
0.02934 1.715389
23.7732 0.1346979
11.8227 0.2028598
27.035 0.1168948
0.274671 0.3597504
6.25307 0.1777255
4.26892 0.2646466
7.07133 0.1641848
93.3156 0.1432258
16.0835 0.1356328
1.84258 0.2441766
2.40756 0.2268625
4.15232 0.1469155
2.61063 0.3633529
499.927 0.2400991
9.50396 0.1445734
0.0487627 1.335163
7.21257 0.1321339
9.85995 0.2465606
0.565248 0.4051337
3.65724 0.1834129
29.8589 0.1262287
5.08617 0.1758946
43.6165 0.156591
2.81663 0.2072122
36.2162 0.2222748
58.4272 0.1220955
2.78228 0.1220797
4.61794 0.1558693
48.9994 0.1478763
135.018 0.1545275
0.251536 0.4519413
3.16371 0.3133979
0.298053 0.8662838
14.295 0.1164743
0.894878 0.3346221
3.48913 0.182471
11.2872 0.1626577
5.61694 0.1223789
5.65697 0.1680219
7.32991 0.124816
4.13895 0.191487
2.72174 0.1685337
9.90159 0.1189561
10.0299 0.2714434
0.0934483 1.053383
12.3602 0.195636
132.825 0.131534
4.46415 0.1628955
1.57434 0.4391396
47.5572 0.1173492
17.8439 0.1459042
21.1435 0.117289
9.18373 0.1201511
10.6183 0.1219498
2.83108 0.6389629
2.49683 0.1840113
6.9587 0.1214005
29.4513 0.1316937
14.0331 0.118926
1.3613 0.2302211
4.57492 0.143185
5.23037 0.2024006
8.46484 0.1344361
66.6984 0.1378729
2.01919 0.4910335
27.3579 0.1193239
2.26549 0.4387395
3.86674 0.1825155
7.76974 0.1426805
6.02558 0.1197105
2.72298 0.1591345
0.822842 1.437942
0.305635 0.5093756
0.755449 0.3515069
0.0470931 1.400608
0.101568 0.6002924
0.00981648 5.885079
8.08416 0.1172039
138.365 0.1500018
1.42719 0.3348783
8.4576 0.2644663
11.8966 0.1469622
31.9882 0.128885
1.35539 0.2450955
19.2993 0.1164628
22.376 0.1748324
5.50894 0.1435449
140.429 0.1608001
3.55065 0.1547632
9.88619 0.1205373
1.00478 0.2446456
0.0704694 3.265258
1.67501 0.2864699
2.46214 0.2094012
12.7025 0.128825
2.86797 0.1439764
6.87692 0.1327222
0.456705 0.4540918
2.60379 0.1693147
0.565992 0.397124
1.62446 0.2082815
2.61391 0.1945955
2.53594 0.1994684
0.322008 0.5082498
2.42916 0.1849878
1.14841 0.2944114
28.9468 0.1160612
0.311964 0.4646273
35.9401 0.1801038
4.37449 0.1401249
5.84206 0.1480454
28.1359 0.1419148
0.203152 0.5634328
5.60206 0.1493736
0.639734 0.4359906
10.9007 0.121405
18.4917 0.1266676
12.8923 0.1181636
4.95611 0.2276594
15.207 0.1228809
2.36442 0.1485206
0.312803 0.3323402
1.63461 0.2233254
3.52729 0.1498743
0.377018 0.4062419
0.70935 0.5136815
22.2935 0.1712876
3.11133 0.2531522
51.3661 0.1173196
1.24368 0.2091736
4.11737 0.174586
2.68094 0.2103721
2.28902 0.1572594
8.81145 0.1780609
27.4117 0.1178858
2.33608 0.3694137
28.764 0.13576
6.88637 0.1853923
52.2889 0.2505618
48.0739 0.3398247
0.764535 0.352165
3.21075 0.2270155
2.19507 0.1295722
2.85332 0.4263507
39.3173 0.1226191
10.129 0.1226824
4.55208 0.1693753
0.53315 0.3130789
13.9268 0.1212626
9.42888 0.1213941
0.1543 0.6170836
0.413468 0.3649303
2.65754 0.1462574
11.3816 0.1294546
0.268376 0.4078066
16.7133 0.1278383
1.97403 0.2129578
0.580637 0.308289
0.611885 0.2847757
41.3972 0.1451801
0.180894 0.5422513
1.62145 0.429856
11.4868 0.1210259
1.0225 0.7210269
10.4724 0.1632052
10.6332 0.134602
4.44404 0.1404465
24.9659 0.1968345
20.4719 0.1163302
3.23905 0.171453
4.32516 0.1788755
4.07712 0.1743191
2.76902 0.2323909
7.57666 0.1916438
4.31087 0.1639646
3.10128 0.1925544
30.3358 0.1820357
4.58702 0.1628606
0.764732 0.3283359
1.82355 0.2487428
0.559187 0.7322354
6.66037 0.177099
87.8403 0.7917704
7.84297 0.2010546
0.0256899 2.425916
42.7101 0.1173949
4.9414 0.1478751
9.64285 0.1660375
10.193 0.2051947
4.5318 0.4300046
7.10765 0.2616723
1.6111 0.3347278
0.380887 0.6460919
13.2578 0.1329142
0.508625 0.350145
2.03824 0.1827484
77.6139 0.2257205
27.5081 0.148409
0.165502 0.6487626
5.68348 0.2028458
0.365549 0.2979915
0.657068 1.00753
3.88336 0.1704722
104.817 0.1695765
0.962509 0.2498268
0.139978 1.54276
5.13855 0.1553853
30.1724 0.1485082
10.316 0.1621171
2.60652 0.1740117
4.53887 0.1921139
5.52051 0.2308428
0.280354 0.5162776
7.65782 0.1373864
6.08379 0.6631154
2.364 0.3392047
19.0008 0.1418256
0.200489 0.4806548
12.388 0.2052067
13.267 0.1414336
5.19357 0.283309
0.0852392 2.107292
0.0594813 1.518962
1.07707 0.2062308
2.56901 0.155521
2.05115 0.23343
5.40498 0.1526916
6.29618 0.126302
0.602977 0.4551193
7.32985 0.1913511
86.3246 0.1426963
1.55135 0.2178264
6.39719 0.1261304
2.30486 0.1464427
3.30803 0.1778838
0.946129 0.4346928
96.0159 0.2455848
0.783372 0.384918
8.3591 0.1918508
0.401022 0.4215978
11.6899 0.5205776
4.1144 0.1220518
16.3888 0.1510971
0.560715 0.2484444
0.784794 0.2556696
1.76507 0.4045505
11.3749 0.1276846
71.0943 0.128715
17.1011 0.2533141
20.6336 0.1291098
0.0435622 2.42592
2.9156 0.1821958
12.8623 0.1627353
4.22362 0.1569933
1.62283 0.2107091
4.81025 0.2108342
28.6564 0.1568917
37.2204 0.1196978
3.26995 0.2081744
7.76699 0.1739033
35.3972 0.2846581
0.172843 0.9081884
4.98448 0.1571799
5.11811 0.2425192
9.25036 0.1181922
4.66224 0.2872954
6.16588 0.2588738
69.3084 0.1493477
0.215584 0.8971468
2.48273 0.1752768
4.66531 0.1601137
1.12425 0.1967578
10.7269 0.1233488
573.441 0.2899575
0.615024 0.3306017
7.90782 0.255088
3.5524 0.1480365
3.34162 0.1405516
8.43743 0.1679878
22.9158 0.1175172
0.583223 0.2153722
0.744345 0.3720486
7.4344 0.1583329
8.26046 0.1517797
6.22666 0.1682387
0.0948431 0.7733188
119.837 0.2081244
29.6584 0.2112218
8.58393 0.1998776
10.0347 0.1597307
0.629365 0.3867509
1.44536 0.2756303
18.9055 0.1343657
6.90554 0.1618483
0.705368 0.3671856
17.4575 0.147249
0.0779452 1.638618
0.0507464 1.471263
1.04862 0.2702838
2.9539 0.1882748
1.04093 0.1955895
1.62708 0.2577101
13.5514 0.1527886
1.7715 0.3685944
0.140796 0.7884386
2.47899 0.1804021
31.5043 0.1613192
10.5961 0.1539434
6.21411 0.2049248
1.36814 0.8333723
14.0903 0.1810678
56.6711 0.2055175
3.50703 0.1473882
2.77623 0.1423099
3.46234 0.1634704
17.0374 0.1325026
23.181 0.1320198
0.0101346 2.425902
0.382866 1.265892
44.7081 0.1177851
3.47637 0.2177703
2.68653 0.4860433
1.54082 0.2582521
2.48928 0.1780535
18.1353 0.1386192
1.93918 0.2846538
2.98854 0.3847598
0.0654306 0.8302721
2.5986 0.3091934
9.77321 0.1191057
37.1544 0.1536844
15.1594 0.1322513
1.94413 0.319706
2.79117 0.2057471
119.744 0.1182731
2.13864 0.3401554
0.294792 0.4395489
2.41761 0.2763411
8.60858 0.1196492
11.6632 0.1724098
11.9103 0.2240246
1.12277 0.2211228
1.49485 0.2029401
3.82838 0.1986428
10.9552 0.2594476
9.25366 0.1279894
7.14787 0.1259697
23.0479 0.1823507
5.50629 0.1685663
14.0788 0.1175846
3.21977 0.412017
9.21129 0.2442714
10.4807 0.1219289
11.0683 0.1376318
1.91512 0.2475955
3.51449 0.2044038
1.53567 0.5058346
3.72816 0.1951874
14.1636 0.1246505
203.901 0.2572768
0.765274 0.2323847
11.4039 0.1623962
9.27777 0.2550252
2.42785 0.3209445
4.87099 0.3028193
20.5298 0.1237835
6.81185 0.1179261
135.411 0.1429795
4.34794 0.1443845
2.64693 0.1702614
0.333653 0.373322
7.3583 0.1550589
0.416341 0.3788385
75.9243 0.1213445
12.7764 0.1281895
18.2903 0.1383438
1.23444 0.2418668
10.7994 0.2429209
50.5057 0.1210537
0.0877398 2.073285
0.597789 0.504602
2.63128 0.1551241
1.87185 0.3349307
1.02208 0.2613347
0.0194873 7.875275
22.6612 0.1740045
11.1394 0.1197416
0.371162 0.443231
0.0334175 1.334682
0.254546 0.7870915
28.2266 0.2029061
0.100909 1.607067
1.80404 0.193718
6.60612 0.1168303
13.9742 0.1396359
1.78287 0.1787511
68.7655 0.1272651
0.541411 0.2655931
11.514 0.1379017
0.0940065 0.6406392
0.846592 0.252588
5.58154 0.1420764
0.171417 1.054604
2.83513 0.1862648
0.0557436 1.204258
7.25389 0.1518358
7.35884 0.2401846
0.962494 0.2994543
2.59332 0.1487013
0.344511 0.4238747
11.6825 0.1674428
5.84507 0.1517869
28.059 0.1468103
1.76526 0.2257288
112.675 0.1460129
35.4716 0.153809
19.1631 0.1463464
9.4604 0.1266754
12.2432 0.1174203
5.69569 0.5068139
7.1562 0.1259495
2.33328 0.1979917
7.57585 0.1236944
26.8718 0.1232519
6.95621 0.1563114
25.7809 0.2191138
12.901 0.191551
14.8107 0.1194981
48.5788 0.1415556
3.61298 0.210253
0.246403 0.5332037
745.954 0.2317006
1.08256 0.3349653
0.228155 0.5296619
3.90828 0.2101334
45.1967 0.1725922
9.31317 0.1283575
9.36888 0.1216698
6.07653 0.1453288
3.05816 0.2536934
3.94433 0.148195
8.47092 0.1318086
41.1646 0.13232
6.18316 0.1347369
71.7919 0.1308546
3.15682 0.2655964
0.0920773 0.7408867
26.5928 0.1327935
10.5877 0.1310483
31.9019 0.183243
10.6315 0.1294455
3.51535 0.2102109
5.01796 0.1432754
2.68508 0.1867784
0.527413 0.2396348
3.72849 0.1653632
7.11208 0.1237788
12.6443 0.1365596
0.598573 0.61912
1.80881 0.2049193
11.3364 0.1193677
4.461 0.1449529
0.390101 0.3499863
0.219322 0.5764401
2.70113 0.6023831
15.9192 0.159672
1.7605 0.2434962
7.04833 0.1322654
6.07692 0.1491199
29.271 0.130151
5.97539 0.1430551
10.3942 0.1208943
3.41719 0.2048803
5.64386 0.1278726
2.03627 0.2305834
14.9732 0.1227627
4.14018 0.1811962
1.51664 0.2523671
12.9456 0.1168505
0.702268 2.028728
2.89574 0.1997693
3.52365 0.1541229
6.48657 0.267828
43.0779 0.1402819
4.51707 0.1319362
17.4081 0.1251831
19.011 0.1691258
5.67095 0.221924
6.53523 0.167763
42.3424 0.1331231
11.6999 0.1172403
1.85925 0.371709
0.984431 0.3180157
8.75337 0.2055054
2.51973 0.2595913
1.36218 0.2753087
5.62467 0.1942878
742.423 0.1452575
2.62275 0.2098885
1.43709 0.1757197
0.0094997 2.425913
0.229257 0.6093424
9.64726 0.1161179
10.4654 0.1347679
5.61314 0.1788598
2.30217 0.1734972
16.4265 0.1984415
47.4201 0.1175483
4.03591 0.3848723
6.77116 0.2123898
0.564859 0.4826346
2.33606 0.2269077
6.16734 0.116444
15.3414 0.1433637
6.67975 0.2019649
4.41708 0.1389074
0.473303 3.09011
5.42658 0.1923514
4.92063 0.2507362
6.49266 0.1449937
0.199449 0.531745
2.65581 0.2035048
6.0158 0.1410295
16.086 0.1886578
0.113762 0.6397699
33.4956 0.182321
9.4019 0.1260915
17.831 0.1217935
28.7178 0.167041
3.43694 0.1620628
17.9285 0.1598014
0.103049 0.7361692
0.656123 0.3466019
1.89831 0.2314848
30.3641 1.052323
5.44621 0.2342519
2.61869 0.1768862
0.27836 0.7070915
0.439697 0.3022593
10.1319 0.2005103
0.648714 0.6093178
24.1254 0.1587124
11.865 0.2175516
4.15968 0.1516439
7.1335 0.2536973
15.3919 0.1267615
70.9992 0.1235965
9.79876 0.1390758
0.288051 0.3232362
2.2743 0.1793959
73.1272 0.1690076
5.25602 0.1772653
5.67813 0.2341017
6.76143 0.2770028
12.3647 0.1251911
5.16602 0.1380928
5.66561 0.1515847
1.23503 0.3201096
0.539827 0.2803046
3.12508 0.1465082
15.1899 0.5344933
3.83936 0.3020777
5.65551 0.1267728
1.11686 0.2809081
8.33137 0.1348476
0.533482 0.3170294
4.24509 0.120756
0.0930117 3.138467
1.04212 0.3034391
3.78336 0.1224705
33.3417 0.1339164
41.9468 0.2909388
16.4846 0.1161994
28.0832 0.1480974
1.46977 0.4630622
1.76172 0.210198
0.847658 0.5172322
1.99219 0.1287076
0.59295 0.6369002
1.61851 0.2165325
7.21796 0.172609
15.2176 0.1781293
70.9947 0.2659515
3.30465 0.1855824
3.34805 0.2754036
1.08158 0.3603709
3.44329 0.1629532
17.7525 0.1678693
9.64058 0.1282558
2.65475 0.2909954
35.5328 0.1160365
12.7885 0.2382883
6.49131 0.1291912
67.7132 0.1329349
12.6162 0.1590257
10.0829 0.1971903
14.7531 0.2159275
146.234 0.1546323
5.8058 0.1359425
5.56356 0.1623142
19.8286 0.1197487
0.861988 0.2398363
0.259369 0.2717769
11.5714 0.1205472
1.84539 0.1451238
59.925 0.1249178
0.523474 0.3083085
7.77549 0.173263
4.05654 0.21038
29.6387 0.1811517
2.66483 0.1914738
0.546439 0.9651315
33.2672 0.1476033
589.454 0.1479488
1.68313 0.3919097
6.19063 0.1285023
0.0289623 1.130185
3.59599 0.1754718
0.336135 0.5598435
4.65172 0.145243
9.30097 0.1268002
1.38289 0.2544924
28.7628 0.1831654
0.0448556 1.784319
2.26107 0.2117029
3.5732 0.1716697
15.7775 0.1954936
5.25098 0.1661604
0.826668 0.4480227
26.6894 0.1506216
9.99362 0.1299069
62.9803 0.1527668
137.491 0.1626397
12.3209 0.1327216
0.119642 0.7213855
286.701 0.1231509
7.93664 0.1167238
3.08585 0.1522093
19.339 0.1349811
6.32862 0.2364291
0.293719 0.7048471
9.11448 0.2143194
1.11628 0.1752786
3.98074 0.125861
0.653898 0.3243411
1.53798 0.2412905
19.526 0.1173333
124.002 0.1622635
2.25134 0.2223676
5.34621 0.1737839
156.867 0.1918154
0.392192 0.6764531
0.0587847 1.598318
1.94392 0.1806659
17.1405 0.1729354
0.438081 0.3174367
0.244964 0.5034699
26.1027 0.1308543
75.4058 0.6484262
42.1928 0.2372703
0.26404 0.7498371
3.32664 0.2256721
5.67288 0.1535939
12.7627 0.2258535
0.241441 0.5083354
18.1239 0.1243965
2.2289 0.3794675
1.61202 0.2650122
5.28608 0.2396663
0.19894 0.8454433
15.558 0.1165349
1.98904 0.2089274
7.50292 0.1468668
4.63961 0.1635698
13.0421 0.2298096
3.12852 0.182679
0.854609 0.2504016
16.2848 0.2023758
4.6342 0.2641718
1.85121 0.160568
8.49602 0.1505222
2.74312 0.1452106
6.35771 0.1206677
14.5117 0.120744
17.9367 0.1835984
2.85194 0.1632257
7.08882 1.086435
4.49629 0.1468311
5.3056 0.2019753
6.39103 0.1454664
0.237236 0.9094594
1.9991 0.2725451
0.0689003 1.467067
2.81597 0.1806429
10.1622 0.2635355
9.69467 0.1880327
404.415 0.1608311
3.40093 0.262859
3.2739 0.1768563
12.3614 0.1190642
6.0885 0.1237415
87.1524 0.1310211
2.71376 0.2026414
11.9508 0.4447317
23.7812 0.1163503
2.3347 0.1564719
3.27877 0.1270644
23.6538 0.1772442
1.59454 0.2345128
0.862069 0.249737
4.86963 0.1325501
22.2355 0.2107621
4.16399 0.151864
4.21179 0.1783695
0.130233 0.6870609
9.65102 0.1253173
2.84411 0.2075588
6.13459 0.3521922
16.9842 0.1173208
0.0927902 0.7120461
9.26713 0.1458634
0.214111 0.7644026
3.19688 0.3180648
30.8147 0.1166505
12.8534 0.1188324
0.243005 0.4152857
3.82105 0.2538321
0.796432 0.2914863
2.10265 0.44418
1.52459 0.2793243
20.6286 0.1253696
4.74088 0.1770663
2.67527 0.1946495
0.273627 0.4458935
0.746044 0.3242476
4.04584 0.1388253
5.38113 0.2444607
10.141 0.1248743
16.4233 0.159088
0.799642 0.2186904
10.339 0.1730777
0.7623 0.5510888
9.308 0.1451171
4.40183 0.3035215
2.40212 0.1436502
0.94126 0.2730383
0.35699 0.3174389
0.447585 0.6645498
15.5486 0.1707967
1.39938 0.2097429
0.523964 0.42879
7.29635 0.2067712
15.0685 0.1569101
3.83349 0.2109018
3.51882 0.1690538
3.35547 0.1617791
0.237621 0.9514689
3.57137 0.3084405
2.27725 0.2419365
14.7786 0.127123
29.5629 0.2602434
8.08758 0.4052028
3.48108 0.1945072
0.0636827 0.8836332
13.1811 0.1160639
0.179594 0.6077931
7.28943 0.1275223
8.86149 0.1400222
108.222 0.1417364
21.5138 0.1164113
2.56694 0.1906414
2.58436 0.2715121
7.00508 0.1677697
2.54234 0.2240003
10.0858 0.1682365
22.9726 0.2121179
6.49701 0.2675208
29.8579 0.1205862
15.1372 0.1195267
1.12234 0.2678867
4.09655 0.2094555
4.02285 1.790553
15.4862 0.1388559
12.5101 0.1221213
3.61215 0.1865191
1.75333 0.2712923
10.9472 0.2428795
3.14912 0.1542145
3.67973 0.3051202
9.44874 0.1766087
3.6444 0.1920357
3.20935 0.1567638
12.2542 0.174532
3.70132 0.1487429
18.72 0.1177163
5.4865 0.1882685
30.1455 0.120348
2.33701 0.1930886
25.4963 0.1683185
8.29363 0.1770437
4.22453 0.1945009
6.23523 0.1360872
5.5708 0.1593703
17.9236 0.1405521
7.85524 0.1621822
2.4703 0.2181172
3.09043 0.163042
3.32072 0.1752903
56.6218 0.1354266
37.4815 0.1354095
0.0955213 1.334675
17.7266 0.1468528
49.0066 0.1208858
0.359809 0.749071
0.856079 0.4863751
3.66977 0.1457775
9.53215 0.1413926
15.0553 0.1718
0.778557 0.4319549
85.5425 0.1519332
1.50209 0.4422605
19.7129 0.1412096
434.543 0.1523589
33.5443 0.1489672
0.393752 0.2509359
5.47738 0.1731211
15.9011 0.1714252
0.2233 0.8181438
159.366 0.1673632
0.559756 0.53203
0.0806518 0.6701537
8.01199 0.174901
4.86377 0.1880547
1.78468 0.2516922
17.4246 0.1711632
8.18306 0.2095817
15.7248 0.1227933
1.26017 0.4258949
1.69363 0.1640559
68.9943 0.1401072
18.3418 0.1785212
8.43991 0.1457178
0.872085 0.2013365
12.65 0.1261265
3.65895 0.2317372
8.37087 0.1446044
2.04289 0.2577549
6.97498 0.169232
19.3922 0.1323522
4.55751 0.1824878
9.75709 0.1348255
2.02931 0.5453258
2.15735 0.1901731
5.74811 0.1465969
0.332438 0.4933597
26.7972 0.1210574
2.02677 0.1789621
2.11387 0.1629405
4.49944 0.1583619
3.90954 0.159992
0.118761 0.4401571
2.1161 0.2693564
6.78932 0.1457156
10.6016 0.2270884
0.0436687 1.400606
6.14112 0.2155413
5.21394 0.1396746
1.25901 0.2371546
29.5819 0.1498619
38.3382 0.1362779
3.17329 0.2128753
4.67598 0.1621906
0.961054 0.2141898
7.85192 0.1233393
0.191442 0.3046536
13.3903 0.1455494
283.346 0.1424848
1.71744 0.3130968
0.021993 1.334679
3.49521 0.1879644
3.54864 0.1296314
4.12637 0.1505161
0.567559 1.082082
1.17776 0.5721539
2.34815 0.2505802
28.3184 0.1935332
4.05624 0.2433522
8.17243 0.1227524
1.68514 0.2702001
24.8378 0.1175104
1.77258 0.2521381
2.18235 0.5693014
13.9805 0.1162762
1.47214 0.2266021
2.86249 0.169777
22.7137 0.1380973
37.8768 0.1576493
9.93537 0.170901
22.143 0.1489794
254.171 0.1277604
218.657 0.1486758
0.659284 0.2696835
1.31608 0.3101027
10.9803 0.1439442
13.2878 0.120938
8.35011 0.1720271
2.14053 0.5915077
17.7204 0.1295287
1.78265 0.277741
1.77139 0.2314708
2.80166 0.150575
12.6245 0.4424888
0.495597 0.9390624
10.0254 0.1426477
8.26652 0.1410557
0.359392 0.3680188
2.42236 0.2919261
3.6082 0.233471
0.670328 0.5882807
7.09021 0.2161212
5.79648 0.1781426
0.0382052 1.781365
8.74424 0.1502166
5.38074 0.2662199
53.4601 0.1377092
0.332875 0.4580413
28.7883 0.1630715
6.70511 0.137393
2.67823 0.2179536
3.14783 0.2243418
17.0003 0.1509503
1.80802 0.156381
31.0278 0.1333756
4.60435 0.1423285
9.09582 0.1180476
10.3501 1.137984
334.588 0.2418228
0.306985 0.5648028
34.5452 0.1559377
30.271 0.1163308
15.6699 0.1238617
0.392278 0.4742721
2.95983 0.1560039
2.90745 0.1495262
4.239 0.2138063
1.05618 0.2888759
11.7234 0.1218546
0.0176828 0.6186237
1.57584 0.1952514
4.78313 0.6747329
2.70686 0.1773937
3.18419 0.1659731
1.83077 0.2134075
8.26453 0.1345188
6.62694 0.1532306
2.16615 0.1563396
4.20166 0.1553945
0.291804 0.3256878
9.79625 0.1186959
19.1513 0.1416927
502.598 0.2604766
8.76096 0.1655835
3.84086 0.1732099
7.85575 0.1656462
12.0474 0.1262513
2.73862 0.2072376
21.3679 0.1459339
3.10012 0.2460695
4.20556 0.1588956
36.0053 0.193859
0.112452 1.053387
4.5021 0.3043091
0.0344066 1.212956
7.04254 0.1790867
2.42292 0.1630285
2.39644 0.1733279
10.2938 0.1229964
14.8952 0.1492159
8.56346 0.1212092
0.214231 0.5151962
10.6423 0.1601205
17.5211 0.1793323
27.9506 0.1430524
1.77433 0.25041
9.33075 0.2126705
3.38195 0.3096113
0.276364 0.6248227
31.0286 0.147667
0.0116981 2.425911
4.50577 0.1377057
3.59713 0.1898903
6.36495 0.1459815
79.2368 0.1272344
6.65471 0.1901323
0.738627 0.3186135
8.4488 0.1365223
4.14615 0.1627232
0.0135659 2.942521
4.47954 0.1339066
5.96228 0.1308686
11.8116 0.1500178
15.5425 0.1210005
0.189543 0.5695119
1.58489 0.2374865
8.00041 0.139836
0.745936 0.3236565
0.245918 1.308188
15.7547 0.1911652
1.76089 0.2915969
85.7904 0.194122
0.605114 0.4762127
6.42838 0.191479
12.4456 0.1888298
1.69662 0.3678313
22.5833 0.1674733
0.0353954 1.169384
7.55366 0.2498815
0.0689539 1.715379
15.86 0.1422257
2.04248 0.1964915
34.3667 0.1173403
0.103714 0.5500945
0.984391 0.3729763
103.867 0.1618897
13.3019 0.1648374
1.38247 0.2034583
31.0639 0.1243678
1.11065 0.2453023
5.97537 0.1751155
14.2269 0.1172638
5.8645 0.1650891
5.17712 0.1439855
99.8124 0.1351616
7.65364 0.1422068
3.86769 0.2564011
20.1328 0.2349524
1.62387 0.2983767
3.30383 0.1421033
1.46069 0.2093086
1.12797 0.322451
5.05614 0.1247622
1.23028 0.2333818
21.0706 0.1182501
20.2499 0.1495365
2.69406 0.1950161
76.8776 0.1496665
10.4023 0.1198245
15.357 0.1225597
29.5456 0.1226629
35.769 0.1163913
4.177 0.2561432
15.6658 0.1197385
4.61029 0.1679309
2.67557 0.1895708
2.28535 0.1548537
3.87073 0.1603354
24.352 0.1166413
8.53223 0.3521043
1.73861 0.2056643
3.31841 0.1902131
5.00911 0.1291387
13.9165 0.1543959
1.20182 0.2348646
27.4296 0.130217
0.959195 0.5139492
0.350183 0.3308513
0.731828 0.2756194
1.09164 0.2279827
0.390967 0.3847831
0.00921968 2.425915
1.48364 0.6091572
2.39206 0.1658779
13.5559 0.6030326
6.86508 0.136509
1.23706 0.265452
12.211 0.1637949
40.2661 0.1181825
3.40967 0.1517258
7.8316 0.1509653
0.199291 0.8928577
8.21636 0.1539696
5.1249 0.2020781
11.6147 0.1391943
0.167839 0.5626672
2.84741 0.176859
5.75865 0.1564064
8.76031 0.1298008
18.3311 0.09658449
1.5291 0.2376365
3.32764 0.3554216
24.3289 0.1341573
3.36559 0.1626089
11.1707 0.1179962
17.5759 0.1175615
6.21823 0.1458357
0.577872 0.5905183
24.092 0.121945
29.9583 0.1223968
13.4528 0.1333217
1.28707 0.2549512
70.5103 0.1234068
29.4606 0.2607279
9.08294 0.1288933
3.26671 0.1715472
21.5149 0.1165146
28.7035 0.1751894
7.48017 0.1634615
57.6814 0.1197492
8.86689 0.1369426
6.58722 0.1511981
3.51246 0.4595981
8.76983 0.1283759
13.9842 0.1559117
40.0277 0.1174124
0.27657 0.2979752
0.959447 0.2391706
0.128802 1.020155
0.202879 0.3378738
170.583 0.1523598
1.76497 0.1973461
0.131179 0.8791422
6.61747 0.1279432
1.31892 0.2471113
8.47574 0.1320451
5.83604 0.1511667
6.0847 0.1483598
8.69141 0.1727505
0.00355733 5.88507
2.36384 0.2864555
0.487298 0.5170758
1.86563 0.4044719
3.13547 0.1814672
3.02131 0.1597387
9.95324 0.1505068
28.7308 0.1288617
8.17182 0.1449237
10.3141 0.1656179
7.49743 0.1493725
1.74374 0.2269576
1.2443 0.2619103
5.68015 0.1184062
3.25682 0.2211129
0.662756 0.2463622
1.24692 0.2689226
0.609819 0.7855372
0.266981 0.5468198
1.6085 0.2205626
20.4631 0.1299999
20.6021 0.1316856
0.935555 0.3548135
32.9883 0.1630139
0.130672 0.5612641
3.03901 0.1895683
7.49818 0.1481206
95.4971 0.1611667
7.6588 0.1497695
6.52996 0.1308722
46.1623 0.1245259
1.34793 0.2917288
3.97197 0.3072619
41.0807 0.1185983
68.5093 0.315517
1.33265 0.1961993
13.1754 0.1285274
0.756688 0.2437345
21.8738 0.6613003
6.32431 0.1270463
7.73242 0.1208393
14.939 0.1861202
7.25769 0.1590795
1.24042 0.9841626
2.08889 0.1955417
1.42848 0.9892438
0.207616 0.8632788
1.43742 0.5513942
0.0419609 6.428891
0.382817 0.5095372
31.8461 0.11768
1.41232 0.2444064
0.0614358 1.053386
0.79215 0.2038692
1.32763 0.4494776
4.56876 0.1290492
6.80493 0.1862899
10.6464 0.11595
15.6091 0.1162623
0.802473 0.2787926
10.4909 0.1297601
10.8796 0.1181156
8.16586 0.1747973
3.46652 0.2310833
17.5422 0.4611252
8.08445 0.1500319
3.19956 0.1517662
2.49318 0.1659748
426.857 0.2728045
5.58284 0.1738148
1.26911 0.3077472
11.5605 0.1182734
2.06055 0.3428939
2.22601 0.3994793
38.3466 0.1174367
0.612185 0.3839648
22.3447 0.1242778
2.35217 0.178144
4.97989 0.1848495
1.15237 0.3959188
0.945671 0.2609465
4.50838 0.3013788
11.645 0.1209918
28.1618 0.1383239
12.8258 0.1960307
325.305 0.1610919
13.4749 0.1331884
22.2412 0.1296783
1.2173 0.2183603
17.2863 0.1163985
14.4429 0.1857729
36.2511 0.2741696
23.9857 0.1168363
22.4975 0.1181487
20.1028 0.1196425
3.30527 0.1833784
0.240597 0.7425363
1.3135 0.3858546
0.343673 0.7141702
6.33973 0.1311941
1.96612 0.3603315
33.9619 0.133825
0.252031 0.3841095
10.8879 0.170244
0.55859 0.2266304
6.29047 0.1391343
3.8069 0.1837151
0.927285 0.500825
0.0733092 0.9227887
221.373 0.1622307
16.2081 0.2184001
0.919019 0.2610506
5.75082 0.4120091
0.360165 0.3734205
0.87659 0.2814429
0.0334652 1.15058
14.0082 0.1864586
10.3306 0.1819449
0.627659 6.758679
34.707 0.1243107
0.225142 0.5819394
84.663 0.1548847
4.80011 0.1562516
5.81855 0.1289488
4.83689 0.1382831
14.5061 0.182892
22.179 0.1190834
15.0669 0.1259848
3.68272 0.1342106
38.4179 0.1715997
26.2024 0.1266315
31.543 0.1208097
18.5043 1.237683
3.09671 0.2005063
52.9084 0.1161347
1.96814 0.2022341
137.858 0.1870222
2.42614 0.162029
25.4445 0.08724479
0.397384 0.3811515
0.0780927 0.5116503
38.3793 0.1428387
11.9048 0.2201717
5.91817 0.1306907
4.22129 0.1282321
1.91709 0.2722955
1.2823 0.2967753
1.84377 0.2173482
4.73866 0.1246017
0.658184 0.6849346
35.9437 0.1227225
4.83462 0.2618686
7.7406 0.1471591
0.0707279 0.8877763
8.55518 0.2498498
2.87951 0.2116107
5.18418 0.1601227
14.7967 0.1711463
8.00738 0.1917057
0.128064 0.5007106
34.7361 0.1172613
0.750085 0.4856483
4.63184 0.1317759
15.1303 0.116574
2.0545 0.2979143
21.4726 0.1168629
0.604161 0.3114112
5.6973 0.1569428
2.56626 0.2124473
33.5793 0.1260687
22.9204 0.1270331
11.477 0.1561689
19.9601 0.1196036
9.76436 0.1396477
1.52788 0.1446841
3.91081 0.1423682
23.9034 0.1162931
2.95358 0.1644411
18.7194 0.1347292
6.69285 0.2164422
3.28882 0.1995168
1.15761 0.2581007
29.3067 0.1171302
2.34826 0.2005527
176.501 0.5089603
8.7075 0.1264887
5.29443 0.1510144
0.391845 0.4999426
3.75513 0.236105
4.27723 0.1567299
0.128882 0.8270278
2.41772 0.1657471
1.94502 0.1939235
71.4057 0.2064632
12.2181 0.1278677
8.89272 0.1712682
20.499 0.1330992
0.102407 1.082865
0.779992 0.3102583
17.6836 0.1256701
0.810245 1.147378
3.24491 0.2001504
1.52345 0.2198497
11.8477 0.2440853
3.79908 0.1590082
1.70495 0.4725153
4.39522 0.2779997
10.2082 0.1496787
7.83924 0.1975166
45.8539 0.1409673
5.19212 0.2668996
5.22481 0.1314603
4.62447 0.1503351
2.67246 0.2032154
54.164 0.1163134
9.83881 0.126712
9.98926 0.1427753
0.217807 0.5026629
2.97693 0.1763125
133.235 0.1197621
6.2322 0.1528882
14.4544 0.1572186
31.0307 0.1183699
1.306 0.3195138
19.0856 0.1344941
11.852 0.1309104
4.52095 0.1213661
6.23427 0.2643445
1.6779 0.1801836
3.14708 0.2089731
4.5964 0.1837394
2.4664 0.1758251
8.77132 0.1451823
1.32684 0.3284307
17.6396 0.1379113
14.2502 0.2209092
2.57393 0.1965846
7.04594 0.1714363
7.09651 0.1467566
0.207393 0.4395134
3.72258 0.1392045
6.913 0.1946
1.47558 0.2161726
17.1362 0.1168316
10.9776 0.1459062
71.4483 0.1177859
2.36537 0.1864338
1.41036 0.2378896
8.58677 0.1264346
37.684 0.1384354
13.9391 0.118781
0.579025 0.3320073
0.117087 0.7953359
210.537 0.1614633
2.88839 0.1977191
11.5883 0.1594712
0.693539 0.4410862
352.227 0.1356583
2.35551 0.2092413
5.96558 0.1228808
1.57289 0.1781243
4.3887 0.1291362
1.98346 0.2187491
44.6591 0.1700818
4.55326 0.1504625
0.027558 1.060429
0.150037 0.721552
154.85 0.1193122
30.783 0.1166017
1.72938 0.2091241
25.4763 0.1449504
0.154961 1.408658
4.04574 0.3154417
23.5215 0.1212168
3.15451 0.1470989
2.82922 0.1752727
0.585188 0.3251664
6.84076 0.2428707
8.25519 0.1747392
2.87924 0.5654999
10.8007 0.1291768
12.9512 0.170158
0.0731855 0.6941163
10.7294 0.1202257
4.33857 0.2791288
9.87873 0.1533532
41.5702 0.1344677
9.92949 0.1666556
0.0883423 1.104226
8.19935 0.1476123
0.963186 0.3839258
1.34517 0.2701815
1.45453 0.3400411
0.0456069 1.598323
0.0374238 1.130179
27.6506 0.116625
1.79492 0.2795751
0.283879 0.4872727
2.70321 0.1841773
10.9987 0.1690836
0.497693 0.3929762
11.1369 0.1263817
39.1703 0.2004593
0.899004 0.2989842
11.1304 0.1291104
6.88586 0.23778
0.922946 0.29905
8.00456 0.1393856
1.15275 0.1883669
10.47 0.1949904
8.97063 0.171469
5.11695 0.2113906
3.1294 0.1692737
0.126381 0.5706119
1.32965 0.2897905
4.38241 0.1685214
14.8535 0.1171475
1.00395 0.3311868
26.6834 0.1163401
30.0999 0.1167313
0.10684 2.056
16.8011 0.1245038
8.06767 0.1355862
0.562149 0.4493391
4.29343 0.2141772
698.801 0.1533949
3.80561 0.2798697
5.22956 0.1363987
8.29133 0.1649778
0.0173424 2.942545
24.2336 0.1279793
0.228787 0.5690555
0.8193 0.2932625
6.23006 0.1341456
1.92544 0.2753942
7.58497 0.1218653
10.7627 0.1997733
6.65069 0.1518429
0.800599 0.3156268
13.4261 0.1724887
32.624 0.1194581
2.45494 0.2396841
1.90063 0.2520243
2.9173 0.1885185
5.90842 0.1411494
0.362545 0.3591706
2.75581 0.2585574
4.90123 0.6264417
5.68936 0.1382124
22.6285 0.2583203
0.747957 0.2572895
13.7097 0.1859085
0.511341 0.424784
8.28928 0.159991
0.0190186 2.425899
1.6277 0.2033544
3.88498 0.4301682
4.19073 0.2243141
0.0725826 0.7344143
0.506132 0.3479794
0.0301822 2.425913
23.568 0.1789779
0.402857 0.4058003
13.2398 0.1549268
38.711 0.1650293
4.08394 0.1445393
4.48347 0.1501438
0.00968352 2.425914
2.04424 0.2265659
1.16294 0.3703286
35.8339 0.1188707
2.12724 0.1591969
1.41201 0.228929
11.2513 0.1587105
0.135005 0.6520721
1.46529 0.1445141
13.6557 0.1525004
10.6761 0.1986119
10.584 0.2616969
11.032 0.1212835
0.907937 0.2359266
16.4682 0.1373071
34.901 0.1364918
6.3533 0.125486
11.8995 0.1252784
9.23245 0.1253378
8.76434 0.1621548
1.70612 0.1497316
5.03445 0.1545889
18.3085 0.118161
11.3035 0.1537223
31.8763 0.1220719
2.24046 0.221671
2.02144 0.2985421
55.3766 0.1584713
16.3081 0.1254561
1.5724 0.2079655
8.37167 0.1670712
3.83277 0.1441438
0.359679 0.4580418
0.647572 0.2014649
2.07142 0.755349
0.994331 0.3336208
1.25265 0.2568036
5.04161 0.1706984
2.8252 0.1434766
11.4677 0.1431368
15.7646 0.1163969
7.51713 0.1353748
6.57782 0.4925325
5.9989 0.1816058
3.83319 0.3566859
