0.780944 0.2832124
10.1785 0.07607703
12.382 0.08430787
31.0351 0.06580936
2.47533 0.1229149
29.6084 0.100463
25.2352 0.1171162
1.54574 0.2304818
35.2389 0.07046616
3.78093 0.1147786
2.41849 0.1539452
2.30722 0.1871451
4.17187 0.1045586
6.30846 0.1861215
10.8452 0.07756427
49.9668 0.06659222
4.65715 0.09324802
16.9757 0.08811419
12.5362 0.08924953
0.176158 0.6715477
0.90709 0.2275684
5.8823 0.06736396
0.491276 0.1948151
1.79754 0.1876008
34.0753 0.09846282
1.34194 0.2188213
4.81807 0.1190985
18.1317 0.09768251
0.0354532 1.910318
0.732637 0.214549
9.27841 0.07779835
77.087 0.1333604
0.208405 0.5278424
4.99052 0.1649648
4.5788 0.0992236
9.9105 0.1347208
18.6815 0.0892969
314.1 0.5828128
10.4844 0.06688509
7.37815 0.0730122
1.68522 0.128642
0.517546 0.5566983
9.63906 0.162964
0.0375463 1.073324
1.38235 0.1766087
0.146385 0.6316767
2.02716 0.1236212
3.49983 0.1081053
10.8453 0.1167234
1.83429 0.2087865
0.865111 0.2095101
3.19573 0.2105544
2.14924 0.2527033
12.1194 0.07315544
8.55471 0.07492305
3.78023 0.1314761
1.93059 0.1143226
5.59764 0.174938
8.42608 0.09658228
5.50381 0.1131861
18.1725 0.06729674
7.31086 0.1204414
1.2007 0.1875406
2.61757 0.09920079
6.3732 0.1064379
18.9967 0.1482863
15.9027 0.09611575
0.874554 0.313872
60.4473 0.07349791
14.3808 0.1149866
13.6381 0.07920092
6.54692 0.08182855
13.8307 0.06602341
1.33627 0.1703885
28.3347 0.09553833
1.19618 0.3073827
14.328 0.08962521
17.4971 0.07714707
0.206235 0.2938032
28.0979 0.08172497
72.0592 0.115784
3.98828 0.1719764
1.03289 0.4214534
11.7542 0.07470947
0.035822 3.417327
8.6576 0.2379355
0.84724 0.292308
1.54437 0.2434844
100.11 0.0785486
1.27865 0.1616001
0.933356 0.2204004
8.04492 0.113003
1.49364 0.1203737
8.52242 0.07820021
7.124 0.1474453
0.250001 0.4446282
6.79394 0.190982
6.34153 0.09244141
11.3758 0.07302344
1.4846 0.08416745
22.28 0.0726526
3.2327 0.1806091
10.8555 0.08319285
0.934179 0.1592634
0.0675181 1.190399
31.9691 0.09918171
0.446636 0.2512236
46.2419 0.06566123
0.196355 0.6974027
0.117234 0.388714
22.2096 0.06643974
5.43809 0.1067121
5.11599 0.092853
9.3579 0.1004392
4.64741 0.07290728
2.28067 5.246754
18.0804 0.08527466
0.0801013 0.866863
1.47049 0.140902
7.08182 0.07996179
2.89853 0.1884869
1.46189 0.1344903
11.9369 0.2300891
10.2956 0.1271368
63.9637 0.06844194
0.428353 0.1649901
1.06172 0.2693365
2.6222 0.1179506
4.67174 0.178639
4.80184 0.0897583
0.357363 0.184959
36.1055 0.1058814
0.015789 1.910324
6.74811 0.2169037
29.3042 0.1436193
3.63136 0.1214779
21.8775 0.06748943
11.606 0.07378942
3.74158 0.4896688
4.06943 0.1007623
0.631811 0.3946584
8.16756 0.07883689
8.20709 0.122803
89.8417 0.06587865
36.327 0.08425414
1.50788 0.2607402
6.8323 0.07650132
3.64613 0.1738089
0.170505 1.007838
0.709446 0.1684554
12.722 0.06727323
0.576536 0.2432884
3.17295 0.1054744
0.194814 0.9930318
1.76625 0.1103836
3.06641 0.09868543
1.65362 0.1801351
0.986985 0.2040735
4.32509 0.1703098
20.3183 0.09912739
327.453 0.0685564
2.92346 0.1265914
2.02233 0.0903982
5.8898 0.1246367
0.476022 0.3999952
0.138315 0.3719951
5.89967 0.0865701
3.05046 0.1190689
3.10782 0.08028457
55.8278 0.07468322
2.41188 0.1377183
2.27623 0.2124939
5.77016 0.1177108
5.00789 0.08861816
9.67981 0.1327707
2.36253 0.08009634
5.64285 0.1139247
27.8393 0.1506791
8.41465 0.07409459
0.98777 0.1432115
0.0415485 0.7885784
0.639442 0.3208798
15.2995 0.07145658
3.58679 0.127628
68.7552 0.08691779
13.8697 0.07708891
18.3598 0.06612817
5.17127 0.09447099
0.420021 0.2411106
57.3905 0.1006944
3.01206 0.07639788
1.02278 0.5158978
16.3884 0.103378
22.3955 0.1114063
0.200765 0.5317809
2.89203 0.1284202
8.62847 0.078427
24.7581 0.0756924
3.53016 0.1831518
11.9284 0.08160776
0.976372 0.3156522
5.39832 0.1900601
19.0013 0.06784536
6.46685 0.1270518
1.73622 0.2992017
0.784913 0.1428419
11.7223 0.0787772
9.20868 0.08618608
23.0549 0.07614433
0.290649 0.5285895
12.9132 0.08772032
1.3127 0.1517331
19.4096 0.08986275
3.6217 0.1485062
16.0413 0.06697088
56.6619 0.1043991
0.516909 0.2784155
2.33975 0.2042633
8.2728 0.0789098
0.322908 0.4439175
16.6418 0.09877237
8.6508 0.09100314
21.4836 0.07280437
3.32029 0.07956082
0.208988 0.4274767
0.454143 1.052319
1.88212 0.1874987
1.63584 0.1438772
0.120351 0.6240164
10.6153 0.08176406
2.10417 0.1894357
15.4206 0.06877164
15.6908 0.1011166
1.88835 0.1999444
4.40161 0.1055137
7.17888 0.096327
11.4891 0.1429007
5.87309 0.1068696
227.515 0.07923214
0.0750696 1.097511
0.211608 0.4977647
0.334371 0.3489103
3.00144 0.115353
3.64927 0.1028014
65.4336 0.08216039
6.30009 0.1599707
1.33002 0.09450234
1.09295 0.2290224
0.155876 0.4583643
2.25844 0.1873395
119.834 0.06688002
9.12786 0.1210656
5.15693 0.08954262
20.9663 0.1284132
1.10236 0.1949681
0.535548 0.2721353
2.15956 0.1156879
5.54774 0.1185077
18.6509 0.07683543
12.6524 0.06817284
2.62867 0.1157905
2.52226 0.1256195
5.99905 0.07308157
0.304545 0.4935527
1.40333 0.2047131
4.26728 0.12298
1.80431 0.1192256
10.0899 0.1336485
0.589528 0.2996423
10.8371 0.08949811
3.28455 0.1223257
0.0180246 1.542897
0.184991 0.4332968
1.84613 0.155463
13.6139 0.07919479
1.01068 0.3620285
17.647 0.08626112
17.7881 0.07140167
11.4081 0.09530071
3.73003 0.2066096
13.3896 0.06858681
16.1485 0.07800725
20.5676 0.09134513
0.380373 0.7794993
4.07518 0.09204747
0.537391 0.2118402
46.6518 0.08195182
869.797 0.0860218
29.0761 0.07614673
7.52179 0.08848625
0.0508615 2.547334
3.72076 0.1229104
3.86659 0.1268469
3.53259 0.09894582
2.78125 0.08378067
5.55443 0.1450014
3.96727 0.09074502
24.246 0.07038274
10.978 0.1038668
4.17384 0.09890532
13.8754 0.07586088
2.73537 0.1428966
2.91484 0.1069956
69.0371 0.09116041
3.90075 0.0962238
1.00015 0.1966005
5.3958 0.1341025
7.10017 0.1434064
9.93437 0.1760217
0.60607 0.7018166
0.394562 0.6158791
9.538 0.0914762
0.0928808 1.448686
111.678 0.08402282
2.88549 0.1165435
0.149018 0.746742
41.1772 0.06745845
3.38836 0.1864737
44.1738 0.07382657
6.91167 0.07599828
9.87802 0.1073079
1.49891 0.1872094
20.9737 0.09704773
1.25064 0.2295904
8.14303 0.1361391
1452.76 0.08967414
0.338855 0.1924127
0.153645 0.6331934
4.58269 0.2003288
2.23607 0.1589239
16.9247 0.07971485
86.8051 0.09536248
82.9973 0.1483584
23.364 0.06603535
0.166605 0.5263167
7.64278 0.07892678
0.0230698 1.910316
3.62209 0.1017175
0.627693 0.1511718
3.59304 0.1111079
2.57249 0.1172716
1.04083 0.09497709
2.16418 0.4129324
11.3747 0.0664545
0.533904 0.2334624
3.94706 0.09570288
6.68352 0.09674543
6.1708 0.1186904
13.2669 1.00081
2.61537 0.09524274
0.103578 0.483119
9.22321 0.123129
12.172 0.1106145
5.77041 0.07036588
0.0856231 0.7134517
8.40844 0.08155793
14.4445 0.08884697
1.89443 0.1833982
1.84727 0.1252335
27.7036 0.07421418
6.04171 0.06981881
0.135331 0.2818423
0.0594573 1.675452
13.0654 0.09912058
6.88229 0.09047352
24.4099 0.06796013
5.09239 0.08964062
2.44822 0.1044432
6.75812 0.08967139
0.0643379 0.6810224
80.2568 0.06726782
4.78939 0.1360622
6.82519 0.07644696
5.96707 0.07353525
829.716 0.1205075
11.9256 0.1337123
3.72047 0.106289
4.99371 0.1483366
2.00388 0.1483896
0.156025 0.5037943
2.71211 0.5282179
169.039 0.07967688
42.5575 0.08289608
5.08564 0.08002434
6.37799 0.0861102
0.441098 0.3557248
5.55886 0.182962
0.0613997 0.4831237
5.98988 0.1418551
7.06795 0.1401602
11.9881 0.0927086
4.02065 0.08441794
7.86164 0.1325321
418.704 0.08247234
1.22287 0.2533548
2.11059 0.1539949
11.5528 0.07633214
8.40253 0.1372426
54.8901 0.1398367
2.40436 0.09320776
9.67082 0.1272839
4.70989 0.09250747
14.3967 0.1125188
8.32903 0.1095067
6.74867 0.1208016
0.646452 0.2677554
4.20753 0.1224115
2.68777 0.09495232
107.278 0.06555864
20.5333 0.07642951
3.75498 0.132797
6.76786 0.09667384
6.03417 0.1224551
28.6494 0.08547823
3.78157 0.1218885
2.27843 0.1493923
31.0216 0.07947043
58.504 0.0881632
3.69648 0.2071227
2.95243 0.1534787
4.73157 0.08303269
4.76328 0.2324155
3.8394 0.0922566
11.2148 0.1699718
3.46356 0.1973057
3.00618 0.1537316
3.42697 0.09262556
25.8582 0.06888144
49.0441 0.06578263
2.50092 0.214727
5.84692 0.191423
0.00882264 1.767813
7.12348 0.08182377
2.28733 0.1470929
0.412013 0.1647739
3.2406 0.08646547
1.64319 0.1172141
0.147196 0.5366858
5.36205 0.124002
8.1509 0.07914341
2.0515 0.2417451
3.70212 0.1039148
7.79226 0.1478352
4.17826 0.0999136
8.40926 0.1370953
39.2483 0.08321125
0.368051 0.4148528
6.74346 0.1129198
31.444 0.0686697
12.4703 0.07932047
0.733154 0.2165548
0.70373 0.4619172
4.39844 0.08126404
3.15139 0.09686202
0.137893 1.042471
1.94359 0.1082944
0.281736 0.2359549
10.3218 0.1000455
4.99142 0.1086685
1.50953 0.1408683
2.62209 0.1092335
12.8558 0.07573235
8.25582 0.1049617
2.4983 0.09784253
5.6105 0.1411897
1.52056 0.08586639
0.719625 0.2821018
5.61246 0.07283081
2.10485 0.3003729
4.0476 0.08806206
3.14416 0.1162886
1.06602 0.3665034
1.89685 0.1401613
7.63083 0.09300823
184.025 0.09637821
3.49853 0.1267218
4.09882 0.09529328
1.79387 0.1807238
0.776712 0.2268395
35.4692 0.06612498
4.26769 0.1278033
0.783467 0.3751741
25.876 0.08386149
8.06403 0.07684557
11.6066 0.06582462
14.8958 0.08251655
14.5906 0.1766514
17.4557 0.06623911
9.08265 0.1417731
5.91726 0.2289801
2.99218 0.1936682
0.0482174 1.045998
29.1812 0.0755692
12.1049 0.1419673
30.5703 0.06700458
0.257185 0.2725839
6.56488 0.1099837
3.84051 0.1822531
8.58339 0.09724072
127.328 0.07279232
14.0862 0.08782709
1.58406 0.1713698
2.17713 0.2454791
4.43738 0.09139627
2.74677 0.2242853
542.381 0.08594789
11.2371 0.1043063
0.0641192 0.6574068
8.75562 0.0776861
13.5301 0.1433951
0.56736 0.3024059
3.10107 0.1273077
21.5697 0.07493382
5.48255 0.1108681
44.4266 0.08883304
2.86434 0.134984
37.1979 0.1044226
67.6364 0.0735255
3.22694 0.07233478
5.15432 0.08410033
0.031002 1.767805
64.4138 0.08039271
158.902 0.07645908
0.288473 0.6440897
3.52494 0.1723902
0.267755 0.9646113
12.8211 0.06809088
0.535105 0.3406266
4.25276 0.1181691
13.8925 0.09033291
6.72034 0.07197627
6.12547 0.1052809
5.13805 0.08097625
8.59401 0.1278734
2.64247 0.1102662
9.25545 0.07002091
12.0315 0.1473715
0.0504076 1.102923
10.0231 0.07590466
160.368 0.06831163
4.94284 0.09781421
1.45839 0.3202024
43.8318 0.06585059
18.5201 0.08253195
26.4989 0.07027084
9.72691 0.07141477
9.25768 0.09238384
3.40907 0.1313481
2.10351 0.1305841
6.51146 0.07394117
33.5499 0.09584231
14.2273 0.07097271
1.67507 0.1419851
6.26085 0.0834088
7.16451 0.1185503
10.8833 0.08085783
67.9644 0.08014858
1.97347 0.3166048
27.0892 0.06608538
2.02187 0.2418133
4.60483 0.1122224
7.49618 0.09496637
6.30807 0.07161541
3.68017 0.09162756
0.736307 0.85489
0.174211 0.5211324
3.04365 0.1347494
0.183685 0.5536652
0.261767 0.2833207
0.0450742 1.097899
6.61703 0.06747438
102.341 0.06775388
0.55241 0.3745959
7.7628 0.132773
14.295 0.09388947
27.7894 0.07632946
1.33607 0.1648379
18.731 0.0686856
20.7378 0.110776
7.20378 0.08446468
115.127 0.07212904
4.1141 0.094864
10.5142 0.07162219
1.12007 0.1548653
0.0705555 1.615065
2.20081 0.1527551
2.00455 0.1503305
13.117 0.0784745
2.87283 0.09124626
6.98174 0.08772383
0.575415 0.294265
2.86494 0.1092972
0.424138 0.3310114
1.63855 0.1371853
2.34774 0.1327873
2.70497 0.1312381
0.255514 0.4256929
3.37536 0.1077811
1.3431 0.1898146
26.9302 0.0666965
0.29484 0.3607787
38.2122 0.1042193
4.67255 0.08658655
5.86132 0.09223861
33.176 0.08203822
0.158315 0.4905
5.24217 0.1024003
0.85286 0.1918486
13.1633 0.0703623
17.4046 0.067034
13.329 0.0690787
3.75847 0.1647186
14.6981 0.06654602
2.93639 0.08787831
0.184829 0.3015463
1.50927 0.1416148
4.12795 0.1033128
0.781908 0.2047824
0.418236 0.2698775
17.9227 0.09653958
2.73931 0.1769917
52.6213 0.06586496
1.34175 0.1344028
5.40565 0.1022615
2.34089 0.1466728
1.8567 0.1082081
8.55456 0.1151222
25.4226 0.06768584
2.74001 0.2354572
36.6187 0.07530579
8.22245 0.08971353
37.0757 0.109205
43.0017 0.1456919
1.40597 0.2159221
3.7807 0.1318579
2.5273 0.07675385
1.73779 0.3540704
41.5063 0.07086756
9.63355 0.07554069
4.3873 0.1283796
0.549553 0.2126801
14.9119 0.07186207
7.1365 0.07715477
0.218592 0.3978279
0.400722 0.2707738
2.98912 0.1364298
13.073 0.07197659
0.326758 0.2742947
12.3944 0.06547312
1.97237 0.1386074
0.58331 0.2148592
0.596455 0.1991424
55.9462 0.09249422
0.23822 0.3653325
1.57467 0.2927375
11.0405 0.07572574
1.71413 0.3147778
12.204 0.09204359
9.24401 0.08828366
5.16183 0.09071686
24.7852 0.1280845
19.6132 0.06727867
2.64147 0.1191003
3.42101 0.09395763
5.65738 0.09776522
3.5562 0.1042911
7.9786 0.1428446
4.44868 0.1038803
4.03145 0.1142281
38.2863 0.1062508
5.30909 0.09974497
0.771198 0.2335341
2.42636 0.1334241
0.637658 0.487567
7.76904 0.1157241
74.9871 0.2760468
8.03039 0.1220657
47.7303 0.06553594
5.65618 0.09032863
10.0985 0.1013071
9.7189 0.1982323
4.09692 0.3212657
8.33296 0.1336464
1.58575 0.2255841
0.404136 0.294516
14.0413 0.08246031
0.589716 0.3894875
2.31711 0.1123425
73.5064 0.1071526
36.7261 0.08467411
0.278762 0.4126118
4.35154 0.1745164
0.354395 0.211102
0.887102 0.5709535
5.38197 0.09888294
96.3607 0.08670184
1.86508 0.12852
0.0533878 1.394571
4.57446 0.1022864
36.7815 0.08557155
7.88187 0.1137332
2.22109 0.1193896
3.81805 0.1323778
6.20677 0.1308644
0.377592 0.3364372
8.58997 0.08380297
6.69972 0.3010111
2.28836 0.1932519
23.3725 0.08358541
0.23927 0.3457287
8.39566 0.1463518
13.0044 0.07335594
3.24406 0.1686436
0.0263171 1.334114
0.1249 0.5642994
1.71407 0.2861085
2.24075 0.1040946
2.20404 0.152166
7.29277 0.08904573
8.97301 0.07178138
0.684722 0.302479
8.49939 0.1337278
93.6596 0.07167124
1.51261 0.1429284
5.47354 0.08002499
1.76183 0.1011023
0.0266975 1.542888
3.54922 0.1039679
1.52363 0.235418
102.588 0.09502573
0.623609 0.4100654
14.2648 0.1102119
0.333991 0.3445662
10.4489 0.08704266
4.70378 0.07254485
16.5168 0.1277457
0.55898 0.1669809
0.962901 0.1592786
1.43061 0.2517318
13.8919 0.07594713
87.3205 0.06814207
22.7922 0.1280679
25.9883 0.0774233
4.16633 0.1051993
14.5953 0.1047118
4.22969 0.1123534
1.96061 0.1288987
4.17043 0.1253156
34.2587 0.07737013
44.0057 0.07192364
3.54741 0.1209544
8.16053 0.1107551
40.631 0.1220669
0.140691 0.7954631
5.811 0.09159009
6.65959 0.1615039
9.78201 0.07006689
5.0411 0.1590109
6.98701 0.1550427
79.9092 0.07402652
0.193689 0.6840192
2.29822 0.1165337
6.02294 0.1037658
1.10342 0.1307707
15.9696 0.06997357
697.665 0.1027004
0.659452 0.223528
7.68713 0.187181
4.5501 0.08732006
3.60121 0.0882981
9.62231 0.09999626
29.2348 0.07861179
0.6343 0.1399653
0.942266 0.2133707
5.9518 0.1165597
6.71567 0.1026822
9.52548 0.08904643
0.0385433 0.9357359
140.966 0.09097939
29.5544 0.1134518
7.46625 0.1386432
9.80781 0.09782969
1.31203 0.1910284
1.68932 0.1789152
16.6444 0.07842878
5.49498 0.1036328
1.1513 0.1939677
10.2021 0.09824448
0.0595523 1.094103
0.0416461 1.094099
1.03609 0.1852349
3.48081 0.1833797
1.19087 0.1232082
2.8122 0.1375898
16.9937 0.09885134
2.25809 0.2029614
0.200037 0.5092408
2.24666 0.1201339
34.7085 0.07013844
11.288 0.09052091
4.83633 0.1311191
2.16675 0.2980501
16.3252 0.09088097
47.9849 0.1189009
4.40941 0.08768407
2.95267 0.1151432
2.69985 0.1135415
18.7097 0.08343266
24.4331 0.07901985
0.0295059 1.102922
0.22655 0.4468064
38.6191 0.06914066
3.88669 0.1457757
0.754986 0.6723462
2.10682 0.1502786
2.51303 0.1157169
17.6596 0.08759542
2.90383 0.160903
2.39462 0.1500384
0.111798 0.4920616
1.98889 0.2245826
8.36225 0.07339293
44.9455 0.08671725
16.0215 0.07585432
2.54613 0.1603433
3.10242 0.1236003
149.637 0.06554194
2.56285 0.2006477
0.357262 0.303409
4.04918 0.1497958
9.07557 0.07169963
18.7165 0.1112842
12.0519 0.1354475
1.096 0.1471442
1.68594 0.1288599
5.44996 0.1233908
9.96921 0.1006143
10.5052 0.07677626
8.53396 0.0752599
25.5527 0.1082547
7.16981 0.09985969
16.672 0.06590991
3.12768 0.2821772
9.99876 0.1409695
13.9638 0.07033544
11.0671 0.0900778
1.91624 0.1700961
3.61272 0.1275659
2.04479 0.2391419
5.43721 0.1120216
14.2181 0.07568873
185.865 0.1016437
0.973743 0.1413191
19.6066 0.08660349
11.2958 0.1645567
4.32231 0.1825066
3.12704 0.2385723
25.6324 0.06960917
6.18593 0.07112027
138.537 0.0699019
4.43129 0.09041949
4.47668 0.09300866
0.186882 0.3685374
8.871 0.09326457
0.442646 0.2681714
65.7338 0.07326672
13.3388 0.0767048
16.7639 0.0681524
1.26962 0.1600046
16.0459 0.1465078
46.7538 0.0819666
0.117029 1.167399
0.7072 0.3918835
2.91724 0.1214024
2.21943 0.2253416
1.15493 0.165759
0.0376148 2.44307
29.9442 0.108789
8.96585 0.07596882
0.614599 0.2566226
0.0149639 1.542897
0.276881 0.5915375
29.8865 0.1129473
0.0334632 1.394574
2.18163 0.1104312
7.01835 0.06846481
11.2308 0.102486
2.36001 0.1082623
63.3235 0.06587444
0.360419 0.2168754
12.2263 0.08579047
0.163638 0.3628864
0.774827 0.1769447
6.26306 0.08763767
0.105896 0.8992738
3.87557 0.091473
7.38234 0.098143
6.97515 0.1220275
1.16864 0.189498
2.81619 0.09046975
0.229349 0.3859162
15.0504 0.09302411
7.82554 0.0880361
30.4414 0.08328625
2.19428 0.1358578
108.653 0.07036621
34.9147 0.08696194
22.0789 0.09582452
9.84947 0.0840162
13.9009 0.06865383
7.54627 0.1518359
6.8856 0.07813117
3.00939 0.1191653
8.13792 0.07444347
27.4401 0.06587257
7.52485 0.09576204
23.6559 0.1395698
13.445 0.1183228
15.5836 0.06549514
46.8429 0.08782014
5.50605 0.1169523
0.661657 0.4128597
892.541 0.09915455
1.6635 0.1353051
0.142153 0.5086597
5.04629 0.2285431
49.1924 0.08332791
9.91501 0.07814364
9.5679 0.06921582
5.95093 0.09226205
2.28679 0.1228972
3.88197 0.09440696
10.4338 0.0775748
56.0895 0.0675786
6.07693 0.08380877
65.7893 0.0667031
2.74389 0.1319477
0.141759 0.4591313
22.6935 0.08827197
10.3135 0.08168905
30.8125 0.1012884
13.8525 0.07544848
4.56884 0.08173081
5.53813 0.09321558
2.18176 0.133335
0.479253 0.1652645
3.97143 0.1045467
7.17091 0.07384976
8.45542 0.09950895
0.370162 0.3140476
2.02207 0.1301439
9.22944 0.07319296
5.16386 0.08746751
0.381163 0.257542
0.467846 0.3045842
3.71355 0.2896339
20.3102 0.09245601
1.63882 0.1662995
6.01932 0.07586737
6.28416 0.09370942
28.0918 0.07193914
5.91055 0.08954158
10.9873 0.09470935
4.3339 0.1119131
4.4736 0.08287285
1.79954 0.1593685
9.48027 0.07591187
4.00106 0.120708
2.18417 0.1450894
12.0398 0.06932424
0.808652 3.16659
4.1533 0.1156863
4.19577 0.1000746
7.62648 0.1629926
33.4821 0.0853904
5.02779 0.07985516
18.2923 0.06627105
25.8862 0.09948737
6.45269 0.1371653
5.73196 0.1121588
48.1331 0.0685121
11.765 0.06564386
1.51975 0.2986281
0.444389 0.3335096
11.5874 0.1143483
2.52571 0.1753349
1.84937 0.1616334
5.88309 0.1286824
937.911 0.07296481
2.62332 0.1196823
1.40138 0.1100879
0.0403436 0.9174615
0.210179 0.4298027
10.361 0.06717498
14.0712 0.07836219
6.24817 0.1120368
2.77692 0.1060275
15.5931 0.0680333
50.8203 0.06569225
3.78555 0.2547807
6.06274 0.144946
0.279633 0.5098969
1.88333 0.1629321
5.95546 0.06814755
0.0527647 1.711204
7.37515 0.07822688
7.0665 0.1328635
4.39382 0.08744213
0.566356 1.327287
5.71905 0.1085477
3.98572 0.1742471
7.35597 0.08736713
0.210571 0.3977067
3.86187 0.1171142
6.34976 0.08766946
18.7837 0.1076013
0.07427 0.6122055
34.9802 0.1079997
8.84516 0.07701048
17.3282 0.0736747
45.5384 0.09371541
4.13168 0.1161344
17.8086 0.08437777
0.111811 0.7089911
0.856898 0.2202549
1.38083 0.1785665
29.9975 0.4264589
4.30815 0.1681731
3.81316 0.1015405
0.30546 0.5136319
0.330923 0.250099
13.7891 0.1253925
0.475245 0.2467811
22.478 0.0926973
14.4169 0.1288765
5.72937 0.2157192
8.59291 0.1507109
19.3266 0.07362909
61.9726 0.06582264
8.63973 0.07972876
0.369762 0.2031618
2.5682 0.1112511
85.8343 0.08093734
5.60794 0.1137833
3.25083 0.1972127
6.61989 0.1872055
10.9396 0.08478829
4.97896 0.1029613
5.92221 0.09463275
2.26465 0.2294262
0.548296 0.2249752
2.9598 0.09416177
15.0753 0.08513927
3.52775 0.2095146
6.24721 0.08804971
1.45264 0.1671164
7.79246 0.08531516
0.628854 0.2078678
4.7462 0.07046269
0.0887269 2.056615
1.02287 0.203848
3.30515 0.08209158
27.9703 0.07914824
49.3051 0.09452572
15.0844 0.06840842
29.629 0.08243106
1.60168 0.2391864
1.20898 0.1558297
1.11815 0.3485758
1.93408 0.08038706
0.503407 0.6161347
1.35705 0.149895
7.96176 0.1017476
11.8894 0.1202374
71.049 0.1248406
5.09961 0.2436216
1.93873 0.2488201
0.834371 0.2980742
3.51969 0.1038387
15.5858 0.09228913
12.5109 0.07514248
4.49814 0.1623504
36.4667 0.06679381
15.7135 0.1522512
6.95794 0.07860875
61.546 0.07048143
11.6727 0.0903647
9.18392 0.1332263
17.5342 0.08107584
127.238 0.07335859
6.44867 0.08429413
6.93692 0.09553375
16.2501 0.07127341
1.1454 0.1428409
0.183485 0.2220481
9.9696 0.07350847
1.62546 0.09588363
84.3771 0.0708089
0.480732 0.2247947
8.96361 0.2123581
4.0518 0.1381312
23.1476 0.08902219
2.39689 0.1301687
0.471569 0.7386522
34.7654 0.06933762
814.213 0.07452411
2.20472 0.2200166
6.77492 0.08957154
0.00604873 1.910324
2.94239 0.1213741
0.420056 0.4153958
5.42826 0.08859192
9.62462 0.07645393
1.65942 0.1574285
27.7367 0.1215898
0.0674325 0.7702035
2.92681 0.1241249
4.17427 0.1060425
13.11 0.1337376
8.40242 0.09206752
1.14993 0.2627986
30.6289 0.08018897
11.3841 0.07423951
49.014 0.09446179
151.915 0.07893559
16.6729 0.07687625
0.557383 0.2632463
287.829 0.06951871
8.46579 0.06813186
3.15329 0.09608536
29.2889 0.07378392
5.86985 0.1048127
0.200332 0.6213436
12.01 0.1114363
1.42245 0.1045063
3.51129 0.07955908
0.601513 0.2405551
1.21645 0.1781208
17.658 0.06615415
101.841 0.07662435
2.86237 0.1360219
5.9157 0.1165289
131.197 0.08561934
0.172419 0.8120364
0.125386 0.8350334
2.17677 0.1121869
16.664 0.1110688
0.587415 0.1973605
0.124363 0.5218353
24.9234 0.0668067
57.5733 0.1870112
39.0685 0.1093861
0.398466 0.4665279
3.8692 0.1349168
5.71931 0.1260222
16.1647 0.1420936
0.141511 0.5039114
17.2288 0.07388501
1.34958 0.2007217
1.41818 0.1905717
7.1415 0.1432136
0.135809 0.7885744
16.0337 0.0661856
2.47423 0.1278761
4.70728 0.1030956
5.65039 0.2304434
12.7026 0.1302922
3.11569 0.1693044
0.822202 0.1710516
20.5779 0.1221407
5.74906 0.1637894
1.56966 0.1085012
10.4451 0.09571474
2.87256 0.1132683
6.69988 0.07228413
17.4437 0.07066448
18.1848 0.1031988
3.06573 0.1023802
7.16958 0.3792286
3.95822 0.1052443
5.37945 0.1380169
6.53392 0.0913747
1.26481 0.5465287
2.11979 0.187462
0.103201 0.5118991
2.97202 0.1148158
5.58675 0.1550087
15.7038 0.1059425
399.402 0.07386543
3.62188 0.1554994
3.49289 0.1186797
9.17321 0.0736596
6.70412 0.07399629
73.3637 0.06608105
3.33695 0.1248475
9.90117 0.1566699
25.7019 0.06695614
2.26587 0.1012525
2.93886 0.07929095
24.9231 0.08515193
2.45321 0.1296831
1.0398 0.1565061
4.8263 0.08176035
27.7826 0.1254472
4.08952 0.09650644
4.85345 0.1081437
0.227856 0.4023243
11.2548 0.07423944
0.0192083 3.125178
2.5373 0.1426359
5.48229 0.2056376
15.6045 0.06995418
0.0702475 0.6354995
13.5698 0.0828052
0.446135 0.4030876
2.07441 0.2622505
31.896 0.06845999
13.7235 0.07540715
0.271723 0.1956165
4.93584 0.1820318
0.675405 0.2207231
2.98982 0.2463811
1.27214 0.1780307
18.6011 0.0847423
5.74343 0.1064677
2.10089 0.1396027
0.433389 0.283279
0.543833 0.2707568
3.39334 0.09153371
7.21955 0.1582682
11.6076 0.07413246
17.3941 0.09613605
0.693895 0.1521095
13.1519 0.1331899
0.94115 0.3782288
10.3236 0.0715545
4.55392 0.2358232
2.80513 0.08715104
1.07714 0.1743692
0.20147 0.505981
0.383601 0.458973
15.894 0.09907198
1.1148 0.1512199
0.890353 0.2467263
8.60558 0.09018102
16.1976 0.1001568
4.70858 0.1248529
4.44619 0.1010168
3.20228 0.1037058
0.0275485 3.366563
3.93421 0.2087242
3.59686 0.1354195
18.4295 0.08679834
0.222125 0.6264311
29.8788 0.1477051
9.2718 0.2296264
4.09878 0.1239527
0.0191774 1.250031
13.0523 0.06734445
0.0775651 0.7102737
7.94128 0.07655756
0.064946 1.297493
11.6893 0.08185691
84.5649 0.06648326
25.7539 0.06675882
2.65281 0.1259608
3.04344 0.2269126
6.73218 0.09209721
2.79049 0.1593878
11.5598 0.1028867
20.5238 0.09550376
5.36817 0.2420583
39.2913 0.06780509
16.5565 0.06926887
1.37501 0.163097
5.59932 0.128504
6.87962 0.1659125
14.3812 0.07016452
12.9557 0.07332294
3.83367 0.1235787
1.64148 0.1900937
12.4211 0.1496244
3.30382 0.09706189
5.98715 0.1623903
10.5184 0.1158208
3.42239 0.1281341
3.08371 0.1012628
14.5834 0.08263162
4.50592 0.08875435
0.00977625 1.910321
19.028 0.06931627
7.05931 0.1119026
39.0362 0.06614373
2.80141 0.118576
25.683 0.07458436
9.1067 0.09641802
6.9346 0.109989
6.32484 0.08291277
5.35158 0.1051521
17.5818 0.07595639
8.183 0.1019125
2.74838 0.1381941
3.27053 0.1013781
3.3127 0.1249857
38.3127 0.06861693
32.7093 0.0771325
0.152427 0.8073274
18.1838 0.1090119
47.1407 0.06585498
0.0424665 2.27122
1.16962 0.1965852
4.79802 0.0900486
11.1594 0.0843997
22.3618 0.09419859
1.46326 0.2244851
94.2684 0.07544204
2.3307 0.2393959
11.8253 0.1048726
541.072 0.07873167
39.0361 0.08450895
0.372155 0.1740323
3.48098 0.132737
8.84013 0.1336785
0.488777 0.5276568
128.736 0.07093587
0.369701 0.4835813
0.0975278 0.470754
11.1568 0.1007144
3.89652 0.1162537
1.65291 0.1655263
15.613 0.1077179
9.42793 0.1328271
15.5086 0.089589
0.968653 0.3345868
1.37783 0.1135626
77.9373 0.07175447
18.4951 0.1122649
10.5433 0.08798479
0.932952 0.1298502
14.8153 0.07444331
6.64059 0.1205887
8.24448 0.09206281
2.85372 0.1512359
7.52163 0.1129762
16.0139 0.07003291
3.70294 0.1274906
13.0783 0.07750243
2.58146 0.1306586
2.61847 0.1163504
6.02842 0.09154472
0.349193 0.3428176
24.0669 0.07350552
2.2295 0.1131195
2.68061 0.1249734
4.83925 0.0975771
4.94716 0.08522465
0.0939317 0.3792506
2.52849 0.1698998
3.72022 0.1101951
8.36358 0.1247564
0.0788026 0.8143285
6.60939 0.1256387
5.74997 0.08627784
1.24121 0.157141
30.7068 0.08264619
45.5002 0.08006229
4.48865 0.1238646
0.0133453 1.910328
5.41124 0.1139711
0.694691 0.1610032
9.8867 0.07170239
0.157866 0.2231259
18.1301 0.08736576
360.774 0.07364444
1.53722 0.2330538
0.0326197 0.8487371
3.69886 0.1196842
3.44141 0.0802302
5.60806 0.08596645
0.773866 0.5032615
1.3167 0.2870889
2.72648 0.1566104
18.1236 0.1278637
3.81087 0.1351896
8.16806 0.09271235
1.6184 0.187605
22.9956 0.07592539
2.87326 0.1365748
3.43652 0.257106
13.5727 0.0681073
2.41358 0.1258504
2.33759 0.116434
18.5799 0.07092342
27.7108 0.08828507
12.2779 0.1032831
23.9454 0.108336
288.233 0.06754605
175.166 0.06854355
0.721517 0.1749238
1.49887 0.2046375
9.80449 0.09933255
13.7312 0.07239353
8.81559 0.1084221
1.70509 0.3553654
18.9026 0.07873785
2.14996 0.1707915
2.73872 0.1304022
3.40064 0.08963166
13.504 0.181387
0.407676 0.3623883
9.26822 0.08108245
11.0562 0.08212587
0.458951 0.2397761
3.13977 0.2062141
5.73535 0.1252696
1.03103 0.2870722
6.16314 0.1338839
0.0383077 1.335219
6.18745 0.1128938
0.131019 0.7808638
10.6652 0.09252053
5.35793 0.1151014
43.0424 0.07473329
0.344543 0.3390607
45.1287 0.09489859
3.92785 0.09372939
3.62578 0.1295349
4.34058 0.1097952
16.2376 0.1073588
1.78169 0.1007302
25.8132 0.07174236
4.24559 0.09197662
9.18069 0.06549126
11.0006 0.4966275
421.921 0.08656004
0.363714 0.400573
34.0944 0.09309153
26.6254 0.06688538
14.7918 0.07648494
0.345871 0.3848747
2.67445 0.1033371
3.484 0.09018657
5.83433 0.1351698
0.969832 0.2087826
15.7857 0.07026296
0.046325 0.2971031
2.11568 0.1205499
4.46073 0.3031286
2.97858 0.1108246
3.23335 0.1355668
2.98933 0.1155577
7.65762 0.08620759
10.6073 0.08472938
2.34173 0.09746213
4.21848 0.09930236
0.415849 0.1959726
11.63 0.06851677
20.8695 0.08236182
632.61 0.108329
7.61177 0.1107397
3.3411 0.1181542
8.111 0.1067279
12.3254 0.07709689
4.15228 0.1139013
33.0161 0.08104379
0.81392 0.3206396
5.66976 0.09546524
36.2386 0.107162
0.12714 0.765129
4.00359 0.1534997
0.0637046 0.6929908
10.7859 0.1005479
2.8282 0.09855739
3.82937 0.09559536
0.0129526 1.824668
14.0615 0.0704299
16.7487 0.08795907
9.15579 0.07242466
0.297789 0.3225673
17.0461 0.0879468
15.6129 0.1192604
19.911 0.09218522
1.41318 0.131519
5.69077 0.1659398
3.61877 0.1894166
0.293024 0.4642179
32.0905 0.08810551
3.71922 0.09200585
4.36966 0.1157939
7.0066 0.09093212
89.4369 0.082774
8.03049 0.1326513
0.686208 0.1982045
7.56844 0.08820444
3.18118 0.1137078
0.0852194 0.6387079
4.66869 0.08314538
6.05992 0.08156708
11.7147 0.1032335
15.7111 0.07233103
0.501601 0.2710341
1.73623 0.1528715
7.47269 0.08922088
0.788044 0.2232528
0.0409999 3.333302
15.1941 0.1021317
1.77565 0.1909639
91.0422 0.09379606
0.737305 0.3619974
6.65082 0.1308027
14.1592 0.1040913
1.50128 0.2659464
21.0098 0.09034355
0.206813 0.3753318
9.69942 0.1565496
0.0409336 1.767819
17.0781 0.0817304
2.45153 0.114814
38.383 0.06562671
0.0257764 0.8543183
0.719078 0.2759242
121.154 0.1014246
15.1391 0.100825
1.29944 0.1349504
28.5057 0.06576755
1.09789 0.164552
5.53565 0.1168526
13.231 0.07001738
6.67975 0.1123328
6.04561 0.1314408
104.883 0.07495495
7.24247 0.09111187
3.23525 0.1568967
24.1531 0.1145547
1.212 0.2285891
3.16344 0.09104488
1.49126 0.1345808
1.43068 0.203267
5.52044 0.07508912
1.92677 0.1313935
25.9231 0.06789697
27.3261 0.08858564
2.96601 0.1270259
60.8953 0.06940027
10.4116 0.0719486
14.0879 0.06776028
34.7015 0.07076639
43.9604 0.06600372
3.82201 0.1611089
13.6231 0.06657809
4.8642 0.1060267
3.26112 0.1143457
2.20499 0.1011841
4.99585 0.09382988
25.0075 0.06604019
9.1245 0.1841361
1.42672 0.1462095
3.37381 0.1240734
4.80378 0.08020247
16.7444 0.09351485
1.21288 0.1580288
27.6393 0.07449899
0.961284 0.2624022
0.446029 0.2123718
0.799451 0.5023504
1.35704 0.1402648
0.417146 0.274175
1.60882 0.3230287
2.80509 0.1018292
17.6982 0.1883497
7.61305 0.08358871
1.1011 0.1906048
17.9937 0.1099552
45.3104 0.07024767
3.55177 0.09555799
8.12212 0.09418723
0.194082 0.5934553
10.5612 0.09040639
5.09735 0.1258458
12.7264 0.08426578
0.187313 0.3897994
4.45519 0.09916861
5.94249 0.09692233
7.34254 0.08362297
19.0745 0.05971585
1.89285 0.1556198
3.2449 0.1931508
27.1677 0.08085521
4.11336 0.09794183
11.6568 0.06901551
16.5473 0.06583854
2.76104 0.1013169
0.616324 0.2751556
22.22 0.07467147
30.1721 0.06600303
12.3262 0.07486492
1.55066 0.1535733
85.203 0.07222926
35.383 0.1173939
10.5715 0.07471977
4.26994 0.1265744
24.8488 0.06704952
19.0812 0.1276911
6.89974 0.1102375
57.9548 0.06550708
6.57584 0.09295466
7.4103 0.09263525
3.07692 0.2528324
9.00617 0.0786422
14.5331 0.088006
59.0583 0.06550476
0.301201 0.1928679
1.16377 0.2635443
0.123621 0.7267374
0.217866 0.2222444
169.439 0.0727725
1.7782 0.1302328
0.254487 0.4654678
6.94066 0.07809992
1.27713 0.1655665
9.99491 0.0774089
4.8409 0.1150189
5.15258 0.09932403
10.3816 0.108018
0.0116107 1.094099
3.70478 0.1671273
0.279011 0.1701331
1.64225 0.2081504
3.70819 0.1112969
3.26006 0.1000641
9.02328 0.09827469
0.0774916 2.380525
27.9015 0.07380965
7.46949 0.09065278
7.03193 0.1165868
10.6494 0.08549777
1.74018 0.1510074
1.74686 0.1521387
4.8591 0.07253092
3.3333 0.1348438
0.517237 0.1815957
1.10252 0.1921552
2.14727 0.3107038
0.137628 0.5884377
1.99413 0.1339832
23.8937 0.0775853
24.9861 0.07575612
1.63771 0.3087512
29.5607 0.08308836
0.0951819 0.5092413
2.74189 0.1286321
7.76724 0.09467713
112.483 0.08673755
8.65107 0.08420519
7.48349 0.08215752
46.3848 0.06596989
1.4224 0.2111818
4.09329 0.1928217
34.4999 0.06616976
67.4233 0.1395378
1.60268 0.1197245
13.1363 0.07399344
0.587059 0.1834875
20.609 0.2442113
7.26023 0.07425385
7.14489 0.06548106
16.7354 0.1055726
7.42723 0.1012733
0.74526 0.6845866
3.12882 0.2079778
1.93068 0.5098359
0.0910818 0.7156161
1.43466 0.3467546
0.211033 0.5015495
0.237045 0.3739543
27.5228 0.06653029
1.81749 0.1479898
0.434796 0.3072866
0.601626 0.1500085
0.83548 0.3787045
5.32402 0.07730719
5.16614 0.135427
11.688 0.06685917
15.3369 0.06631066
0.897234 0.1806195
0.0706291 0.9102898
8.37595 0.08121646
13.0864 0.06848713
11.478 0.09511239
4.23415 0.1338132
18.7493 0.06574379
11.2702 0.08666661
3.21607 0.0965433
2.48194 0.1075147
536.016 0.1147867
5.38072 0.1166916
1.15353 0.2242725
9.59513 0.06603715
1.73608 0.2302889
1.95995 0.2108141
45.2252 0.06682336
0.542176 0.2759574
22.9504 0.0756392
3.44207 0.1020418
4.36453 0.1348862
1.59181 0.2481829
1.54493 0.1438285
3.99444 0.1744813
12.3278 0.07249469
33.0479 0.07733169
13.4059 0.118791
476.024 0.07817463
13.8224 0.07907816
12.5685 0.09153439
1.37089 0.1368126
15.6793 0.06824284
16.5541 0.2480231
47.309 0.1337357
27.2126 0.06555235
19.3372 0.07560298
18.7904 0.07219378
2.80765 0.1255908
0.584172 0.3658152
2.4871 0.3198685
0.31237 0.5795003
7.03364 0.08151114
2.72757 0.1916743
39.0378 0.07038691
0.425273 0.2198376
9.41392 0.1159921
0.626498 0.1449015
6.6541 0.08625659
5.09087 0.1155834
0.667388 0.4198173
0.0505327 0.8543211
198.901 0.08148526
18.3632 0.1401145
1.02928 0.188695
5.77869 0.2219136
0.341869 0.2831728
0.919043 0.2015395
9.46075 0.1500965
12.2269 0.1195683
0.94544 0.9917076
39.4776 0.07374688
0.0974388 0.6810234
77.1252 0.07870385
4.96498 0.09887351
6.94842 0.07639722
5.30197 0.08517306
15.3731 0.08884675
24.6242 0.0700571
18.0891 0.0730274
4.23699 0.08042384
41.3766 0.09854966
26.2587 0.07235888
30.3358 0.07229742
27.868 0.1890197
2.38914 0.1452092
62.3856 0.06596314
2.24041 0.201173
115.397 0.07662678
2.14799 0.1077728
23.9656 0.04760782
0.399794 0.2697539
0.142775 0.2956995
35.3145 0.07646576
12.0422 0.09936307
6.56807 0.07911837
4.06651 0.08000964
0.0383497 0.9357479
2.33653 0.1670447
1.04866 0.2260504
1.78731 0.1466897
4.93736 0.07430185
0.353216 0.7815232
57.6809 0.06794797
4.18191 0.212617
9.3894 0.08734317
0.0393445 0.9174662
8.00211 0.14921
3.23465 0.1331844
4.77348 0.1054817
14.8489 0.1007482
8.55319 0.1227326
0.120447 0.3575971
38.4271 0.06602372
0.912605 0.3769566
5.08538 0.07951028
16.3486 0.06572734
0.017217 1.910318
2.11548 0.1787892
19.3931 0.06889306
0.812953 0.1901506
5.95175 0.09655395
3.18607 0.1302074
38.0847 0.07515354
24.5126 0.07974266
9.00827 0.1077527
23.9426 0.06989842
8.76455 0.09046956
1.50385 0.09297137
4.11907 0.08869599
23.1869 0.06800607
3.3123 0.1023956
19.3611 0.08117307
8.68333 0.1260329
3.4502 0.1291331
1.1401 0.1751425
30.9647 0.06562796
2.70358 0.1257869
196.239 0.1220349
7.97532 0.07929337
4.64104 0.09848008
0.356414 0.3920946
2.50955 0.1950748
4.44372 0.09828027
0.0776605 0.4195537
2.26266 0.156221
2.36168 0.1193197
87.4948 0.110762
15.914 0.07369926
9.07987 0.1276081
21.833 0.08099208
0.112173 0.6912047
1.24358 0.1914272
22.4655 0.07312768
0.768664 0.7349739
3.59773 0.1270565
1.33427 0.1551747
11.7656 0.1293304
3.146 0.09099809
1.7111 0.2857986
5.11135 0.1775353
10.0601 0.0904663
7.15081 0.1534302
42.8327 0.06947029
6.7429 0.1250545
5.48887 0.08082447
3.55549 0.103883
3.14344 0.1254056
66.7913 0.06695558
8.6205 0.1262978
9.08618 0.0859228
0.504347 0.2518891
2.94891 0.1639691
213.716 0.06773709
7.50591 0.09183963
11.8859 0.1086245
41.3765 0.06658127
1.53275 0.1941217
24.5617 0.07652158
12.7929 0.08093161
3.90831 0.07552625
6.51476 0.1716978
1.80758 0.1143933
3.77886 0.1313214
4.46568 0.1204453
3.02465 0.1066206
10.4124 0.08827936
2.05692 0.1678772
18.9676 0.08373753
19.4046 0.1083429
2.52655 0.121466
6.33187 0.07627841
7.89079 0.0885355
0.149634 0.390426
4.64538 0.0818383
9.45823 0.1157072
1.17156 0.1563258
0.0396787 1.529716
14.7924 0.06871096
9.88548 0.09535804
85.6767 0.06862951
1.49625 0.1434854
1.94215 0.2512885
7.64577 0.07915684
34.13 0.08016701
13.8916 0.07080178
0.656502 0.224173
0.235445 0.4351781
231.04 0.1052913
3.1337 0.1339295
9.57019 0.09967984
0.736068 0.2231261
404.936 0.07070994
2.95676 0.1272558
5.73619 0.07521369
1.35448 0.1034604
4.37945 0.07981368
2.81276 0.1236206
48.6443 0.0870215
5.02428 0.09274662
0.0216151 0.9284204
0.0676613 0.835032
199.846 0.06729932
32.5899 0.06593761
1.95346 0.1320068
31.2916 0.1015288
0.209978 0.9447037
3.06242 0.1855902
24.5633 0.06557751
4.19781 0.08718236
3.28963 0.1084119
1.2166 0.1615938
6.03906 0.1477796
8.09894 0.1016269
2.86781 0.110295
13.4499 0.1031643
10.7334 0.1192446
0.00890058 1.542895
12.5036 0.06988787
4.05621 0.09804103
9.51704 0.09438124
40.8894 0.07106243
14.083 0.09759639
0.271255 0.4010839
8.35981 0.1030819
1.22033 0.2476052
0.0468374 0.6854736
1.73488 0.165363
1.78999 0.2170766
0.0184756 1.91032
0.007783 1.910317
30.2577 0.0667483
2.29332 0.1359906
0.0760777 0.7021788
2.54554 0.1229523
14.9758 0.09448577
0.415871 0.2352328
10.7505 0.06490396
34.6016 0.1201173
0.824784 0.2186185
9.49511 0.08282632
5.74581 0.1524746
1.50466 0.1639407
10.0202 0.1666783
1.33967 0.1175066
9.75521 0.1232003
8.74668 0.1160623
4.09576 0.1548333
4.54323 0.1774618
0.134568 0.428185
1.44113 0.1928799
4.92575 0.0969497
13.3615 0.06839427
1.3233 0.1861709
40.9006 0.06545259
33.1307 0.0662452
0.244999 1.543274
17.342 0.07569773
7.47936 0.08449052
0.645846 0.3099919
4.05047 0.1496481
887.198 0.07563813
4.19806 0.1667413
6.54171 0.08090163
8.21001 0.1109737
0.00998587 3.125162
24.1481 0.07878053
0.368432 0.7767227
0.923691 0.191557
5.8754 0.08487848
1.80385 0.1858968
7.91769 0.07268282
11.4046 0.1288822
8.37575 0.1321404
0.986039 0.1971225
13.9045 0.1129526
29.6811 0.06938759
2.79915 0.1562421
1.39267 0.1965936
3.96785 0.1110173
5.75716 0.09001487
0.279131 0.2877538
2.69066 0.1710212
5.19897 0.3235939
9.61083 0.07987708
24.8812 0.1394808
0.543028 0.2012751
13.4438 0.1188057
1.02494 0.2004556
8.32612 0.1013545
0.0588732 1.07333
1.7277 0.1316432
4.59335 0.2039818
4.07637 0.09588801
0.0845616 0.5283628
0.286963 0.3309817
0.458398 0.4847011
0.12661 1.219059
26.6111 0.1109048
0.273712 0.3633874
15.4118 0.09385666
36.3493 0.09235391
3.6392 0.09418554
4.47854 0.09516829
0.0111648 1.76781
2.73477 0.1353112
1.07315 0.2887248
39.7607 0.06572319
2.39963 0.09839434
1.96371 0.1864201
11.107 0.0897182
0.243733 0.3760262
1.50891 0.0903036
16.3211 0.09647634
10.6292 0.1193458
7.0676 0.1502943
10.4485 0.07290999
0.0503436 1.200296
0.818967 0.1432066
14.9164 0.08187297
39.7311 0.06950097
7.43839 0.1160695
11.9403 0.0718868
7.67696 0.08061134
5.90973 0.1169935
1.68257 0.09530361
5.87146 0.1692526
19.9942 0.06957018
11.0092 0.09848581
30.3969 0.07424935
2.34347 0.1375012
2.27555 0.1637912
52.3751 0.08309387
19.3774 0.07303353
1.59876 0.1359585
7.98981 0.1069644
2.95611 0.09927405
0.296433 0.3801955
0.658556 0.2322172
1.68995 0.6225776
0.805064 0.2296252
1.03091 0.1903367
5.33645 0.1117297
3.21773 0.08768915
13.6673 0.07417705
19.7931 0.06588912
6.9965 0.08630387
6.95331 0.2376918
6.86464 0.1620449
4.01093 0.2439359
