22.7815 0.0448456 1.02165
22.5472 0.05511771 1.24275
28.3064 0.06114872 1.7309
9.36811 0.06115374 0.572895
6.98015 0.061157 0.426885
12.3424 0.06121176 0.7555
37.7344 0.0612359 2.3107
27.3323 0.06124805 1.67405
11.7683 0.06126203 0.72095
39.522 0.06126967 2.4215
45.9237 0.06127337 2.8139
106.255 0.06128182 6.5115
16.9879 0.06128185 1.04105
22.9733 0.06129507 1.40815
46.7439 0.06130853 2.8658
52.8324 0.0613137 3.23935
32.3488 0.06131758 1.98355
57.2133 0.06132315 3.5085
29.2975 0.06132605 1.7967
41.5392 0.06132882 2.54755
56.6547 0.06133913 3.47515
48.7342 0.06133988 2.98935
15.853 0.0613417 0.97245
62.5917 0.06137795 3.84175
17.168 0.06137873 1.05375
37.6905 0.06139611 2.31405
40.9024 0.06141571 2.51205
31.0291 0.06146488 1.9072
11.8338 0.061468 0.7274
30.7991 0.06146933 1.8932
21.1912 0.06147835 1.3028
42.48 0.06148776 2.612
18.3802 0.06151184 1.1306
51.9765 0.06153165 3.1982
41.4451 0.06155613 2.5512
17.4248 0.06156168 1.0727
41.2122 0.06156429 2.5372
9.93091 0.06158499 0.611595
12.5821 0.06159544 0.775
28.3473 0.06160375 1.7463
15.9754 0.06162913 0.98455
39.0309 0.06163578 2.4057
24.7011 0.06167539 1.52345
50.4811 0.06167853 3.1136
26.1497 0.06168904 1.61315
34.2033 0.06169142 2.11005
22.4834 0.0617122 1.3875
36.3662 0.06176065 2.246
34.4052 0.06177409 2.12535
88.4079 0.06179708 5.46335
80.0408 0.06180161 4.94665
91.6546 0.06181032 5.6652
17.4649 0.06185263 1.08025
41.6803 0.06187575 2.579
15.7623 0.0619199 0.976
64.6145 0.06193888 4.00215
29.6121 0.06194258 1.83425
40.39 0.06199678 2.50405
27.2501 0.06206032 1.69115
22.3223 0.06207694 1.3857
14.92 0.06211796 0.9268
27.5793 0.06212812 1.71345
31.8593 0.06213727 1.97965
24.658 0.06213805 1.5322
11.3141 0.06216137 0.7033
54.6937 0.06220186 3.40205
13.3422 0.06221987 0.83015
14.505 0.06228197 0.9034
78.7833 0.06231587 4.90945
40.6245 0.06235892 2.5333
78.6706 0.06237908 4.9074
45.9589 0.06238291 2.86705
32.2173 0.06246489 2.01245
25.4903 0.06250025 1.59315
18.863 0.06250331 1.179
73.4723 0.06251199 4.5929
6.13251 0.06256655 0.38369
14.8084 0.06260298 0.92705
11.5387 0.06264571 0.72285
43.2868 0.06271427 2.7147
18.6951 0.06276244 1.17335
19.7112 0.06276888 1.23725
39.5481 0.0627704 2.48245
60.7339 0.06282982 3.8159
10.2593 0.06284542 0.64475
263.854 0.06287758 16.5905
9.74296 0.06291928 0.61302
27.0508 0.06292605 1.7022
6.90294 0.06294347 0.434495
20.6912 0.06303646 1.3043
23.6132 0.06304313 1.48865
24.6689 0.06304497 1.55525
65.4398 0.0630549 4.1263
12.6147 0.06307324 0.79565
18.6695 0.06314309 1.17885
14.127 0.06315212 0.89215
25.6061 0.06334233 1.62195
13.7104 0.06341172 0.8694
20.1124 0.0634161 1.27545
14.1837 0.06342139 0.89955
11.8179 0.06346305 0.75
6.25218 0.06347146 0.396835
13.6943 0.06365057 0.87165
24.9234 0.06371121 1.5879
16.2052 0.06373263 1.0328
34.6289 0.063743 2.20735
22.8952 0.06380158 1.46075
7.36273 0.06381872 0.46988
100.101 0.06382554 6.389
20.6818 0.06397896 1.3232
15.014 0.06398029 0.9606
11.8941 0.06399391 0.76115
80.0077 0.06403571 5.12335
56.0496 0.06409502 3.5925
19.0047 0.06411046 1.2184
38.0589 0.06417816 2.44255
151.828 0.06423058 9.752
64.9408 0.06428547 4.17475
55.1723 0.0642877 3.5469
20.4101 0.0642917 1.3122
134.556 0.0643078 8.653
13.5047 0.06435907 0.86915
12.4188 0.0643621 0.7993
12.6719 0.06439445 0.816
15.8761 0.06440184 1.02245
14.8385 0.06446743 0.9566
13.1151 0.06451342 0.8461
35.6067 0.06452718 2.2976
11.6393 0.06453567 0.75115
15.5141 0.0646412 1.00285
20.1064 0.06465852 1.30005
13.2642 0.0647344 0.85865
163.298 0.06479259 10.5805
31.5494 0.06482691 2.04525
82.3051 0.06488541 5.3404
21.7538 0.06491969 1.41225
10.7503 0.06492377 0.69795
34.7293 0.06503874 2.25875
6.41273 0.06506199 0.417225
6.31194 0.06515033 0.411225
9.62546 0.06518338 0.62742
36.5383 0.06523292 2.3835
56.8635 0.06524132 3.70985
10.9146 0.06529328 0.71265
13.1552 0.06532398 0.85935
162.097 0.06537444 10.597
22.1462 0.06539722 1.4483
11.6487 0.06544078 0.7623
11.9471 0.06546777 0.78215
16.2657 0.0654752 1.065
298.706 0.06550588 19.567
166.282 0.06556031 10.9015
16.1349 0.06559074 1.0583
37.6984 0.0657004 2.4768
19.0387 0.06574766 1.25175
14.7471 0.06576547 0.96985
15.5664 0.06582126 1.0246
62.9904 0.06596958 4.15545
18.7921 0.06599316 1.24015
59.8298 0.06603148 3.95065
329.224 0.06623302 21.8055
4.8231 0.06624578 0.31951
9.40219 0.06625105 0.622905
10.0687 0.06628462 0.6674
13.2882 0.06629566 0.88095
26.6228 0.06630783 1.7653
21.6526 0.06648393 1.43955
54.3778 0.06650232 3.61625
19.1858 0.06650752 1.276
8.58869 0.06665452 0.572475
13.5023 0.06665901 0.90005
6.3938 0.06678423 0.427005
11.4257 0.06681429 0.7634
30.6761 0.06681749 2.0497
10.0855 0.0668187 0.6739
14.8908 0.06683321 0.9952
13.3851 0.06685792 0.8949
33.7527 0.06700501 2.2616
17.1203 0.0670403 1.14775
18.0372 0.06704755 1.20935
13.1639 0.06706219 0.8828
42.3596 0.06706862 2.841
42.0722 0.06713103 2.82435
15.6246 0.06729772 1.0515
43.1452 0.0673331 2.9051
21.1035 0.06749828 1.42445
20.4172 0.0675166 1.3785
37.3276 0.06760279 2.52345
13.3452 0.06762731 0.9025
15.0222 0.06765321 1.0163
16.5443 0.06770308 1.1201
9.93259 0.06771195 0.672555
10.4516 0.06772169 0.7078
11.5211 0.06772357 0.78025
9.44881 0.06774874 0.640145
11.2397 0.0678043 0.7621
48.9699 0.06781819 3.32105
78.5124 0.06783387 5.3258
139.811 0.06790596 9.494
362.588 0.06790627 24.622
25.5926 0.06793175 1.73855
6.93118 0.06798842 0.47124
8.72698 0.06802124 0.59362
125.239 0.06807384 8.5255
24.7002 0.06810471 1.6822
7.59305 0.06813863 0.51738
14.9166 0.06819584 1.01725
62.8349 0.06822244 4.28675
32.3089 0.06824281 2.20485
9.74559 0.06833912 0.666005
6.09791 0.06836605 0.41689
9.23503 0.06837931 0.631485
8.53889 0.06844684 0.58446
12.5045 0.06845136 0.85595
112.987 0.06846363 7.7355
25.8905 0.06847299 1.7728
12.9929 0.06851434 0.8902
17.893 0.06851562 1.22595
23.6716 0.06855472 1.6228
7.92577 0.06855801 0.543375
13.7221 0.06856093 0.9408
11.9989 0.06858545 0.82295
20.0166 0.06862804 1.3737
15.4479 0.06863716 1.0603
13.5609 0.0686422 0.93085
13.0995 0.06867056 0.89955
3.13034 0.06867625 0.21498
12.1701 0.06868884 0.83595
7.89759 0.06873489 0.54284
6.321 0.0687763 0.434735
9.04647 0.06880197 0.622415
92.2577 0.0688956 6.35615
5.45549 0.06892048 0.375995
12.1761 0.06897529 0.83985
7.30348 0.06902394 0.504115
18.1603 0.06910403 1.25495
13.4506 0.06910472 0.9295
5.57205 0.06912806 0.385185
40.5712 0.06917592 2.80655
36.3878 0.06919352 2.5178
199.619 0.06921435 13.8165
45.1353 0.06926286 3.1262
24.4413 0.06930073 1.6938
9.61796 0.06932551 0.66677
22.9127 0.06933273 1.5886
4.37593 0.06937611 0.303585
12.0534 0.06938291 0.8363
6.01662 0.06941023 0.417615
9.19802 0.06945408 0.63884
5.17245 0.06949028 0.359435
23.2581 0.06951987 1.6169
5.99276 0.0695264 0.416655
15.685 0.06957284 1.09125
3.2839 0.06967782 0.228815
16.6971 0.06972768 1.16425
43.6353 0.06974972 3.04355
14.0532 0.06978838 0.98075
17.2876 0.06978991 1.2065
9.0269 0.06986895 0.6307
20.3898 0.06990995 1.42545
15.5495 0.06991222 1.0871
13.6766 0.06995891 0.9568
6.64942 0.07007604 0.465965
19.0471 0.07013141 1.3358
26.1054 0.07013683 1.83095
6.95382 0.07014993 0.48781
16.4227 0.07015899 1.1522
38.236 0.07017994 2.6834
117.604 0.07018469 8.254
26.1532 0.07022085 1.8365
72.1425 0.07023738 5.0671
6.18627 0.07029276 0.43485
28.9026 0.07030509 2.032
16.0838 0.07033786 1.1313
8.30212 0.07036094 0.584145
17.0572 0.07047464 1.2021
9.65571 0.07048109 0.680545
16.1249 0.07056788 1.1379
9.32125 0.07058871 0.657975
11.0559 0.07066815 0.7813
7.87001 0.07076738 0.55694
3.37004 0.0709131 0.23898
30.0306 0.07093265 2.13015
92.2785 0.07094556 6.54675
29.931 0.07096656 2.1241
10.7059 0.07105895 0.76075
10.9786 0.07111107 0.7807
884.6 0.07122428 63.005
10.6613 0.07131869 0.76035
103.0 0.07134951 7.349
34.8705 0.07142284 2.49055
27.8317 0.07149222 1.98975
33.4869 0.07155783 2.39625
7.20191 0.07160392 0.515685
14.0439 0.0716076 1.00565
126.737 0.07163259 9.0785
24.3191 0.07163916 1.7422
177.511 0.07164063 12.717
14.324 0.07172577 1.0274
11.8766 0.0718219 0.853
12.9576 0.07185358 0.93105
24.7264 0.07195548 1.7792
37.224 0.07202343 2.681
10.3051 0.07204685 0.74245
9.87911 0.07211125 0.712395
3.8299 0.07216507 0.276385
56.9053 0.07224459 4.1111
7.06553 0.07226351 0.51058
4.76213 0.07228698 0.34424
17.3462 0.07231267 1.25435
141.793 0.07233784 10.257
11.615 0.07250108 0.8421
64.9983 0.07250497 4.7127
8.5339 0.07251198 0.61881
26.279 0.07255033 1.90655
30.4289 0.07258067 2.20855
9.79807 0.07260256 0.711365
7.75226 0.0726085 0.56288
10.5467 0.07263409 0.76605
3.36259 0.0726791 0.24439
7.90332 0.07271691 0.574705
14.6663 0.07279614 1.06765
16.2907 0.07280534 1.18605
4.98937 0.07283084 0.36338
26.6329 0.0728366 1.93985
6.79864 0.07288369 0.49551
21.3291 0.07291447 1.5552
7.71407 0.07300945 0.5632
8.71077 0.07308826 0.636655
8.68599 0.07309127 0.63487
5.99319 0.07312383 0.438245
5.74725 0.07316804 0.420515
7.4102 0.07328142 0.54303
19.9192 0.0732911 1.4599
17.2717 0.07331936 1.26635
775.407 0.07355621 57.036
15.309 0.07356784 1.12625
2.45339 0.07358594 0.180535
16.8436 0.07363034 1.2402
20.7012 0.07370104 1.5257
11.0594 0.07375174 0.81565
31.8827 0.07377355 2.3521
15.3201 0.07399103 1.13355
9.30514 0.07405907 0.68913
8.46217 0.07406315 0.626735
9.46723 0.07409612 0.701485
11.0598 0.07410622 0.8196
11.4864 0.07411373 0.8513
11.2709 0.07412452 0.83545
21.5489 0.07419404 1.5988
4.56693 0.07425776 0.33913
5.16304 0.07439803 0.38412
10.8896 0.07442422 0.81045
12.4423 0.07444363 0.92625
9.71971 0.07444615 0.723595
76.4903 0.07445846 5.69535
25.2607 0.07449516 1.8818
31.3921 0.07452193 2.3394
11.4905 0.07453113 0.8564
747.73 0.07456769 55.7565
4.77122 0.07457317 0.355805
84.9806 0.07461703 6.341
11.2382 0.07469168 0.8394
8.43861 0.0747001 0.630365
22.9399 0.07470172 1.71365
29.097 0.07479809 2.1764
25.4207 0.07489172 1.9038
176.304 0.07495859 13.2155
17.7184 0.07497573 1.32845
6.70123 0.07504369 0.502885
18.6272 0.07508106 1.39855
9.66071 0.07510266 0.725545
15.6115 0.07514012 1.17305
8.25744 0.07515465 0.620585
535.926 0.0751559 40.278
22.4523 0.07524619 1.68945
152.517 0.07525391 11.4775
8.13132 0.07526638 0.612015
8.98485 0.07530176 0.676575
37.7156 0.07530836 2.8403
37.4353 0.07532596 2.81985
5.77831 0.07535335 0.435415
5.85078 0.07538995 0.44109
6.64707 0.0755047 0.501885
8.10231 0.0755192 0.61188
67.0695 0.07555819 5.06765
377.283 0.07565541 28.5435
232.617 0.07583496 17.6405
17.2933 0.07583862 1.3115
17.3279 0.07594111 1.3159
6.20925 0.07594395 0.471555
2.44935 0.07602425 0.18621
6.42721 0.07604466 0.488755
24.4631 0.07613508 1.8625
9.37514 0.0761354 0.71378
26.7812 0.07613737 2.03905
18.1913 0.07617378 1.3857
14.6 0.07621575 1.11275
3.48242 0.07626306 0.26558
5.11087 0.0763099 0.39001
7.83047 0.07632428 0.597655
41.3964 0.07638225 3.16195
9.20664 0.07638835 0.70328
6.87708 0.07642342 0.52557
25.243 0.07642911 1.9293
8.95337 0.07650918 0.685015
9.09445 0.07657143 0.696375
7.67153 0.07660076 0.587645
6.40381 0.07661299 0.490615
10.931 0.07663068 0.83765
12.3373 0.07666994 0.9459
22.9492 0.07667805 1.7597
16.5392 0.07671774 1.26885
50.1915 0.07675901 3.85265
12.7734 0.07682371 0.9813
5.05893 0.07683344 0.388695
30.6188 0.07684658 2.35295
34.1394 0.07706492 2.63095
2.81177 0.07706534 0.21669
4.54183 0.07709337 0.350145
9.8069 0.07709368 0.75605
5.04537 0.07709643 0.38898
5.38968 0.07711497 0.415625
21.8793 0.07715055 1.688
19.7557 0.0771752 1.52465
116.484 0.0772252 8.9955
196.786 0.07724889 15.2015
10.8086 0.07726255 0.8351
8.09875 0.07726439 0.625745
4.82102 0.0772741 0.37254
12.5906 0.07730767 0.97335
102.395 0.07737683 7.923
150.654 0.07740252 11.661
6.15566 0.07740437 0.476475
28.5698 0.07745416 2.21285
23.1839 0.07747834 1.79625
3.31716 0.07750003 0.25708
12.2258 0.0775164 0.9477
6.85774 0.07751825 0.5316
3.23629 0.07761356 0.25118
7.17941 0.07771182 0.557925
10.8307 0.07775121 0.8421
14.0606 0.0777634 1.0934
10.6063 0.0777981 0.82515
34.5174 0.07782886 2.68645
10.4602 0.07783312 0.81415
14.0679 0.07783322 1.09495
39.2086 0.07783496 3.0518
17.5989 0.07784293 1.36995
13.9516 0.07784412 1.08605
26.749 0.07789263 2.08355
17.6485 0.07789331 1.3747
4.07836 0.07793083 0.31783
2.94726 0.0779368 0.2297
31.9408 0.07795672 2.49
12.4557 0.07801649 0.97175
7.46282 0.07803886 0.58239
19.5927 0.07810052 1.5302
8.27387 0.07824815 0.647415
19.2059 0.07826241 1.5031
60.593 0.07827884 4.74315
23.8753 0.07829221 1.86925
3.08232 0.07832088 0.24141
5.23435 0.07837458 0.41024
4.60156 0.078456 0.36102
38.3455 0.0786533 3.016
28.8741 0.07867778 2.27175
7.80766 0.07869836 0.61445
5.09763 0.07873659 0.40137
36.6534 0.07887945 2.8912
26.4286 0.07888235 2.08475
41.7292 0.078892 3.2921
27.221 0.07889864 2.1477
102.513 0.07907778 8.1065
8.49902 0.07912148 0.672455
1.77635 0.07912574 0.140555
40.7503 0.07920555 3.22765
32.7634 0.07922407 2.59565
50.5801 0.07924263 4.0081
30.2301 0.07928687 2.39685
7.45304 0.07947093 0.5923
8.77402 0.07962029 0.69859
32.7361 0.0798736 2.61475
50.8469 0.07995374 4.0654
11.0109 0.07996167 0.88045
15.764 0.08003362 1.26165
30.4074 0.08014332 2.43695
10.6637 0.08019262 0.85515
10.6689 0.08021446 0.8558
497.722 0.08022048 39.9275
13.291 0.08025732 1.0667
8.87416 0.08032535 0.71282
29.0197 0.08041951 2.33375
81.9795 0.08047744 6.5975
4.29902 0.08049393 0.346045
6.05043 0.08058931 0.4876
10.4623 0.08080441 0.8454
254.514 0.08082856 20.572
29.4058 0.0808446 2.3773
6.03414 0.08098089 0.48865
3.83717 0.0810415 0.31097
6.35037 0.08105118 0.514705
6.79 0.08107216 0.55048
11.3591 0.08110678 0.9213
18.361 0.08111486 1.48935
8.25182 0.08120027 0.67005
12.6202 0.08121107 1.0249
8.88975 0.08132118 0.722925
5.90083 0.08142499 0.480475
133.616 0.08149099 10.8885
7.14672 0.08149963 0.582455
19.6654 0.08169679 1.6066
7.90416 0.08170761 0.64583
18.5169 0.08177665 1.51425
5.75204 0.08181358 0.470595
10.8517 0.0818305 0.888
17.6165 0.08183805 1.4417
84.2174 0.08197118 6.9034
4.97481 0.08201017 0.407985
8.29515 0.08202685 0.680425
103.138 0.08203572 8.461
9.49224 0.08205439 0.77888
9.49797 0.08215071 0.780265
6.91644 0.08217378 0.56835
12.582 0.08217692 1.03395
6.21828 0.08222451 0.511295
5.22494 0.08236171 0.430335
49.4943 0.08245394 4.081
54.4764 0.08245772 4.492
12.9027 0.08245949 1.06395
5.21151 0.08251831 0.430045
33.7651 0.08254085 2.787
690.095 0.08254153 56.9615
3.42153 0.08254494 0.28243
18.7537 0.08256237 1.54835
5.66454 0.08259276 0.46785
8.40871 0.08259353 0.694505
6.26539 0.08271393 0.518235
29.9818 0.08273519 2.48055
11.516 0.08290205 0.9547
28.7977 0.08291808 2.38785
20.5748 0.08306764 1.7091
24.7228 0.08322075 2.05745
8.17826 0.08334047 0.68158
45.5648 0.08335601 3.7981
3.28039 0.08339252 0.27356
3.83808 0.08341671 0.32016
18.2004 0.08353937 1.52045
6.55848 0.08378999 0.549535
1.46503 0.08387542 0.12288
5.29645 0.0838826 0.44428
45.9726 0.08390215 3.8572
4.34859 0.08391456 0.36491
22.3465 0.08397064 1.87645
7.14039 0.08398351 0.599675
11.3624 0.08399194 0.95435
14.3227 0.08410076 1.20455
11.188 0.08418842 0.9419
4.59741 0.08419849 0.387095
6.31856 0.08424942 0.532335
3.9219 0.08429205 0.330585
4.7436 0.08439687 0.400345
7.39811 0.08441345 0.6245
6.36723 0.08443546 0.53762
11.2617 0.08444107 0.95095
1.6322 0.08447801 0.137885
16.1015 0.08453871 1.3612
8.8113 0.08459024 0.74535
68.4791 0.08466525 5.7978
8.08968 0.0846832 0.68506
4.21716 0.08470392 0.35721
7.83558 0.08470528 0.663715
6.04886 0.0847763 0.5128
3.19326 0.08493045 0.271205
15.1688 0.08500343 1.2894
442.758 0.08506792 37.6645
11.104 0.08509996 0.94495
367.714 0.08519257 31.3265
3.14067 0.08534962 0.268055
5.16949 0.08541171 0.441535
20.4913 0.08548018 1.7516
8.94137 0.08554785 0.764915
9.60351 0.08557756 0.821845
3.62681 0.08557796 0.310375
21.7898 0.08566164 1.86655
4.16162 0.08567457 0.356545
15.9583 0.08573282 1.36815
1.51705 0.08574207 0.130075
9.29287 0.08575015 0.796865
4.98189 0.08576865 0.42729
17.0172 0.08581612 1.46035
6.35672 0.08582728 0.54558
33.1796 0.08592479 2.85095
18.0189 0.08593754 1.5485
7.27854 0.08595955 0.62566
7.542 0.08598382 0.64849
4.16868 0.08604882 0.35871
4.28077 0.08605812 0.368395
60.8338 0.08606893 5.2359
15.825 0.08607583 1.36215
6.11207 0.08613367 0.526455
17.9172 0.08614906 1.54355
124.922 0.08618978 10.767
8.36299 0.08620063 0.720895
8.42225 0.08620559 0.726045
4.78278 0.08630754 0.41279
6.69756 0.08639042 0.578605
2.55806 0.08649133 0.22125
9.06121 0.08668213 0.785445
78.5613 0.0867049 6.81165
2.7196 0.08679401 0.236045
35.1301 0.08679736 3.0492
5.11493 0.08690344 0.444505
3.3025 0.08693868 0.287115
19.3545 0.0869436 1.68275
19.4144 0.08704621 1.68995
16.1404 0.08705484 1.4051
15.6481 0.08707127 1.3625
3.88067 0.08707517 0.33791
12.2358 0.08708462 1.06555
29.9697 0.08709296 2.61015
7.05737 0.08713161 0.61492
5.10251 0.08734525 0.44568
2.84285 0.08735248 0.24833
6.28627 0.08735944 0.549165
3.84539 0.08740986 0.336125
19.4218 0.08744813 1.6984
16.8931 0.08764821 1.48065
3.51191 0.08772007 0.308065
7.2017 0.08772443 0.631765
3.9835 0.08772813 0.349465
9.25275 0.08774418 0.811875
10.2669 0.08777723 0.9012
13.9443 0.08778139 1.22405
5.74083 0.08781657 0.50414
7.92826 0.08783075 0.696345
4.28913 0.08785232 0.37681
3.39521 0.08788263 0.29838
9.90593 0.08793571 0.871085
5.5717 0.08795879 0.49008
15.4332 0.08798888 1.35795
132.066 0.08807339 11.6315
4.33167 0.08810805 0.381655
5.41796 0.08821586 0.47795
7.42539 0.08835496 0.65607
7.5565 0.08838483 0.66788
547.574 0.08842001 48.4165
10.422 0.0884859 0.9222
5.28633 0.08854347 0.46807
7.49978 0.08858193 0.664345
7.09238 0.08860072 0.62839
8.44488 0.08881595 0.75004
7.94041 0.08884365 0.705455
115.285 0.0888754 10.246
4.03481 0.08893108 0.35882
4.91899 0.08895322 0.43756
8.21184 0.08896666 0.73058
6.42048 0.08902528 0.571585
3.89292 0.08903086 0.34659
39.4473 0.08917594 3.51775
6.54625 0.08917701 0.583775
6.67741 0.08918353 0.595515
3.69383 0.08918521 0.329435
10.8978 0.08924278 0.97255
1.88972 0.08927248 0.1687
48.9874 0.08929133 4.37415
3.92542 0.08934076 0.3507
10.9765 0.08939553 0.98125
3.61202 0.0894721 0.323175
16.2339 0.08973814 1.4568
1.13002 0.0897816 0.101455
14.318 0.08981701 1.286
5.11068 0.08984323 0.45916
1215.59 0.08984937 109.22
5.96939 0.08986429 0.536435
4.95759 0.08989348 0.445655
20.7055 0.08990848 1.8616
8.22444 0.08995263 0.73981
103.052 0.08996914 9.2715
15.9383 0.08997823 1.4341
9.35735 0.08999076 0.842075
46.7705 0.0900696 4.2126
6.71632 0.09014907 0.60547
12.802 0.09017341 1.1544
5.07915 0.09020505 0.458165
5.75727 0.09027456 0.519735
4.49481 0.09031639 0.405955
4.9094 0.09031755 0.443405
11.332 0.09035034 1.02385
3.68145 0.09049152 0.33314
12.3501 0.09049319 1.1176
1.75613 0.09056562 0.159045
5.77925 0.09060172 0.52361
29.5367 0.0906127 2.6764
10.1618 0.09064831 0.92115
9.30336 0.09067369 0.84357
3.45091 0.09072245 0.313075
3.94916 0.09073449 0.358325
24.5899 0.09078931 2.2325
108.203 0.0908339 9.8285
25.9097 0.0908733 2.3545
1.37038 0.09093828 0.12462
5.73148 0.09095033 0.52128
8.36915 0.09095846 0.761245
26.1374 0.09096926 2.3777
4.54492 0.0909763 0.41348
4.02617 0.09102944 0.3665
44.9054 0.09111154 4.0914
3.50423 0.09115983 0.319445
6.02529 0.09120225 0.54952
40.1596 0.09125091 3.6646
4.93322 0.0913521 0.45066
7.86999 0.09147724 0.719925
5.2732 0.0915099 0.48255
2.54276 0.09162092 0.23297
5.60913 0.0916684 0.51418
20.2754 0.09171459 1.85955
5.36445 0.09178294 0.492365
2.27701 0.09183974 0.20912
1.36945 0.09186535 0.125805
9.95675 0.09204058 0.916425
4.22218 0.09213132 0.388995
6.63508 0.09216468 0.61152
6.78261 0.09216511 0.62512
122.027 0.09223369 11.255
7.2043 0.09228377 0.66484
84.9566 0.09249075 7.8577
8.26071 0.09252413 0.764315
6.05473 0.09256317 0.560445
3.33755 0.09260985 0.30909
9.52856 0.0926184 0.88252
17.7537 0.09264829 1.64485
32.5441 0.09272956 3.0178
22.3655 0.0928506 2.07665
17.2264 0.09290972 1.6005
4.43298 0.09293748 0.41199
5.10529 0.09297905 0.474685
17.697 0.09305532 1.6468
18.8822 0.09313798 1.75865
7.76709 0.09325629 0.72433
14.4093 0.09334596 1.34505
10.267 0.09338171 0.95875
3.20977 0.09341324 0.299835
2.87271 0.09354582 0.26873
5.34757 0.09366871 0.5009
35.2998 0.09367334 3.30665
60.7736 0.09371174 5.6952
6.76592 0.09373744 0.63422
3.44867 0.09374483 0.323295
4.4917 0.09374847 0.42109
8.67656 0.09382405 0.81407
2.70735 0.09387962 0.254165
13.1271 0.09388212 1.2324
174.533 0.09389342 16.3875
4.31659 0.09394916 0.40554
5.9445 0.09398015 0.558665
10.6739 0.09401437 1.0035
3.56964 0.09406971 0.335795
3.81322 0.09414353 0.35899
10.6526 0.09415542 1.003
4.659 0.09416291 0.438705
2.00012 0.09419185 0.188395
6.751 0.09422086 0.636085
4.85271 0.09436171 0.45791
23.7264 0.09440117 2.2398
2.93757 0.09443349 0.277405
9.30536 0.09445309 0.87892
5.22501 0.09447255 0.49362
3.84992 0.09449547 0.3638
2.34711 0.09455245 0.221925
5.63284 0.09460592 0.5329
16.9167 0.09473774 1.60265
15.0034 0.09480518 1.4224
4.8942 0.09484083 0.46417
4.22846 0.09497311 0.40159
4.67863 0.09500858 0.44451
16.6246 0.09509402 1.5809
10.4744 0.09513194 0.99645
3.07173 0.0951874 0.29239
3.7612 0.09519302 0.35804
13.0721 0.09519894 1.24445
17.3109 0.09527523 1.6493
5.13796 0.09528101 0.48955
32.0881 0.09534064 3.0593
3.7114 0.09537776 0.353985
32.1762 0.09543234 3.07065
6.71398 0.09544339 0.640805
5.39056 0.09550399 0.51482
5.28281 0.09556751 0.504865
2.83433 0.09566106 0.271135
8.89448 0.0956672 0.85091
2.50637 0.09567023 0.239785
8.14273 0.09567921 0.77909
5.1443 0.09571467 0.492385
6.4715 0.09579387 0.61993
4.35573 0.09582206 0.417375
4.28507 0.09588408 0.41087
13.1313 0.09602248 1.2609
4.039 0.09602377 0.38784
3.37153 0.09607063 0.323905
8.58152 0.09614148 0.82504
16.3403 0.09620386 1.572
55.5479 0.09620706 5.3441
2.40533 0.09621965 0.23144
2.30692 0.09628856 0.22213
7.78387 0.096391 0.750295
10.7638 0.09645757 1.03825
15.1236 0.09655109 1.4602
11.869 0.09659196 1.14645
21.0479 0.09660109 2.03325
5.00747 0.09663862 0.483915
13.3066 0.09665504 1.28615
7.345 0.09666576 0.71001
8.85008 0.09675732 0.85631
14.7389 0.0967847 1.4265
5.07276 0.09684274 0.49126
15.4184 0.09687776 1.4937
19.7803 0.09690702 1.91685
15.5172 0.09702781 1.5056
18.5171 0.09720205 1.7999
2.33094 0.0974521 0.227155
19.5505 0.09746554 1.9055
10.7672 0.09759733 1.05085
4.11195 0.09764467 0.40151
3.17749 0.09766514 0.31033
1.79114 0.09771989 0.17503
2.22947 0.09784388 0.21814
3.64446 0.09794867 0.35697
2.97526 0.09801832 0.29163
1.40347 0.09803558 0.13759
3.13201 0.09808079 0.30719
11.1803 0.09808324 1.0966
20.0854 0.09813098 1.971
2.25152 0.09828027 0.22128
8.78883 0.09830489 0.863985
4.0178 0.09851038 0.395795
3.85868 0.09852981 0.380195
6.27438 0.09868146 0.619165
11.4183 0.09872748 1.1273
38.0034 0.09877011 3.7536
3.20195 0.09882259 0.316425
2.40047 0.09882648 0.23723
3.27739 0.09882864 0.3239
8.37631 0.09883171 0.827845
9.83359 0.09898267 0.973355
41.581 0.09900315 4.11665
6.48911 0.09909602 0.643045
5.02133 0.09915003 0.497865
3.56956 0.0992041 0.354115
3.02771 0.09924663 0.30049
7.47857 0.09930241 0.74264
3.17607 0.09942004 0.315765
9.8888 0.09945595 0.9835
11.0078 0.09946583 1.0949
5.46545 0.09949044 0.54376
15.3794 0.09981859 1.53515
17.4939 0.09989196 1.7475
75.8801 0.09989444 7.58
24.3786 0.09995447 2.43675
10.969 0.1000046 1.09695
24.2947 0.100063 2.431
9.64979 0.1000908 0.965855
10.7213 0.1001791 1.07405
2.73504 0.1003294 0.274405
6.47182 0.1003837 0.649665
7.32434 0.1004275 0.735565
1.47151 0.1004376 0.147795
4.45522 0.1004698 0.447615
10.261 0.100497 1.0312
10.5123 0.1005346 1.05685
8.0787 0.1005663 0.812445
3.12656 0.1005674 0.31443
14.5792 0.1006228 1.467
11.361 0.1006778 1.1438
3.56345 0.1007156 0.358895
3.6919 0.1009954 0.372865
17.1994 0.1010326 1.7377
3.18595 0.1010374 0.3219
173.245 0.1010448 17.5055
2.73071 0.1011202 0.27613
40.3787 0.101192 4.086
3.55729 0.1012555 0.360195
17.5697 0.1012966 1.77975
4.54248 0.1013984 0.4606
6.7567 0.1014578 0.68552
2.22257 0.1015221 0.22564
7.86748 0.1016208 0.7995
2.44322 0.1016384 0.248325
6.02099 0.1016776 0.6122
7.72868 0.1017043 0.78604
17.2201 0.1017387 1.75195
13.4145 0.1017705 1.3652
5.05746 0.1017833 0.514765
3.58778 0.1018819 0.36553
2.56054 0.1018906 0.260895
13.918 0.1019004 1.41825
39.1364 0.1019179 3.9887
2.84698 0.1019624 0.290285
3.41656 0.102009 0.34852
3.76404 0.1020207 0.38401
23.9341 0.1021325 2.44445
3.16899 0.1021777 0.3238
9.45709 0.1022043 0.966555
1.39946 0.1022609 0.14311
3.56159 0.1023181 0.364415
9.75244 0.1023364 0.99803
10.9814 0.1023412 1.12385
2.35133 0.1023995 0.240775
4.18539 0.102503 0.429015
3.77446 0.1025736 0.38716
26.9493 0.1025889 2.7647
3.42259 0.1028563 0.352035
9.44232 0.1028974 0.97159
3.86499 0.1029214 0.39779
38.9562 0.1030401 4.01405
30.8454 0.1031969 3.18315
2.4568 0.1033173 0.25383
2.45334 0.1033346 0.253515
9.07384 0.103427 0.93848
3.63259 0.1034978 0.375965
19.3219 0.103701 2.0037
4.81747 0.1037329 0.49973
6.57777 0.1038536 0.683125
17.9058 0.1039216 1.8608
1.64132 0.1039438 0.170605
9.42207 0.1040499 0.980365
2.98564 0.1040815 0.31075
1.63646 0.1041578 0.17045
1.91285 0.1044044 0.19971
6.48508 0.1044505 0.67737
3.4081 0.1044776 0.35607
5.63206 0.1045195 0.58866
13.9548 0.104559 1.4591
4.50827 0.1045911 0.471525
2.89519 0.104608 0.30286
5.04 0.1048343 0.528365
8.23244 0.1049537 0.864025
66.4986 0.1049751 6.9807
7.6397 0.1050283 0.802385
2.13512 0.1050433 0.22428
2.88873 0.1053439 0.30431
23.7826 0.1054637 2.5082
7.75173 0.10553 0.81804
3.02094 0.1055599 0.31889
9.22005 0.1056204 0.973825
31.0744 0.1057189 3.28515
9.6739 0.105733 1.02285
77.8219 0.1058661 8.2387
7.33434 0.1058814 0.77657
4.62261 0.1059845 0.489925
0.587432 0.1060719 0.06231
8.64164 0.106106 0.91693
3.71998 0.1061444 0.394855
31.5388 0.1065354 3.36
2.17996 0.1065639 0.232305
29.5406 0.1066143 3.14945
4.47422 0.1069136 0.478355
1.78319 0.1070862 0.190955
4.62054 0.1071141 0.494925
7.74119 0.1071476 0.82945
5.43135 0.1071658 0.582055
10.3641 0.1074189 1.1133
9.71 0.1074871 1.0437
3.33432 0.1075827 0.358715
2.44404 0.1078092 0.26349
38.1036 0.1078153 4.10815
13.0271 0.1080248 1.40725
5.19156 0.1082671 0.562075
35.3941 0.1083147 3.8337
18.1103 0.1083803 1.9628
14.3804 0.1084114 1.559
3.96457 0.1084203 0.42984
5.29372 0.1084804 0.574265
6.39717 0.1085496 0.69441
3.21558 0.1086212 0.34928
9.71966 0.1086736 1.05627
3.68569 0.1086947 0.400615
2.21249 0.1087598 0.24063
7.73247 0.1088093 0.841365
22.4344 0.1089733 2.44475
3.86981 0.1089976 0.4218
12.1956 0.1090024 1.32935
1.4928 0.1090267 0.162755
4.55252 0.1090462 0.496435
12.3263 0.1090473 1.34415
10.721 0.109085 1.1695
7.19149 0.1092381 0.785585
7.67264 0.1093001 0.83862
3.45771 0.109386 0.378225
2.31167 0.1094079 0.252915
6.79969 0.109444 0.744185
5.56889 0.1094778 0.60967
10.0525 0.1096046 1.1018
6.57165 0.1096445 0.720545
3.53943 0.1097211 0.38835
1.8804 0.1097213 0.20632
5.6429 0.1097725 0.619435
2.26045 0.1097945 0.248185
2.85435 0.1099252 0.313765
7.60421 0.1102278 0.838195
5.83223 0.1102451 0.642975
5.99537 0.1104194 0.662005
3.10391 0.1104575 0.34285
8.63032 0.1104582 0.95329
1.83352 0.1108142 0.20318
4.27232 0.1108566 0.473615
11.8382 0.1108995 1.31285
2.77086 0.11098 0.30751
4.06651 0.1109883 0.451335
6.33328 0.1111699 0.70407
7.48154 0.1112518 0.832335
2.37384 0.1113955 0.264435
682.54 0.111611 76.179
3.0391 0.111635 0.33927
2.31933 0.1116486 0.25895
5.0216 0.1118747 0.56179
7.59999 0.1118876 0.850345
5.09468 0.1118922 0.570055
3.27617 0.1119096 0.366635
16.3119 0.1119551 1.8262
51.3827 0.1120747 5.7587
50.5767 0.1121475 5.67205
9.50686 0.1124051 1.06862
2.58788 0.1124473 0.291
2.49624 0.1129779 0.28202
28.5321 0.112985 3.2237
2.29467 0.1130228 0.25935
12.3112 0.1130921 1.3923
12.9365 0.1131643 1.46395
3.14474 0.1131922 0.35596
2.98616 0.1132675 0.338235
16.5196 0.1134652 1.8744
5.54577 0.1134964 0.629425
3.22619 0.1135085 0.3662
5.94915 0.1135288 0.6754
7.63657 0.1137088 0.868345
11.1182 0.1137504 1.2647
2.0397 0.1137692 0.232055
2.23986 0.1139089 0.25514
2.15085 0.1139271 0.24504
25.0742 0.1140994 2.86095
10.9045 0.1140997 1.2442
3.96648 0.1141718 0.45286
5.01953 0.1142776 0.57362
3.13457 0.1143075 0.358305
23.575 0.1143606 2.69605
2.81836 0.1144513 0.322565
2.82497 0.1144986 0.323455
1.33875 0.1145322 0.15333
3.23188 0.1145448 0.370195
11.7843 0.1146525 1.3511
3.69562 0.114955 0.42483
6.41692 0.1150755 0.73843
22.4349 0.1151509 2.5834
1.59788 0.1152152 0.1841
13.2517 0.1152645 1.52745
8.32263 0.1152923 0.959535
2.35693 0.1153025 0.27176
8.8671 0.1153252 1.0226
7.13338 0.1153535 0.82286
9.95636 0.1153906 1.14887
7.82675 0.1154132 0.90331
4.34138 0.1158503 0.50295
2.12116 0.1159696 0.24599
15.793 0.1160261 1.8324
6.61992 0.1160445 0.768205
9.38941 0.116077 1.089895
4.09438 0.1161898 0.475725
648.828 0.1162673 75.4375
4.3588 0.1163107 0.506975
42.5328 0.1164631 4.9535
7.74856 0.1165901 0.903405
2.81696 0.1167127 0.328775
8.94975 0.1167714 1.045075
571.478 0.1168426 66.773
4.37387 0.1169605 0.51157
13.2518 0.1170407 1.551
2.74021 0.1173414 0.32154
2.04135 0.1173782 0.23961
3.55759 0.1174138 0.41771
2.34434 0.1174254 0.275285
12.457 0.117448 1.46305
11.5018 0.1174642 1.35105
2.96754 0.1174761 0.348615
21.2097 0.1175429 2.49305
4.68218 0.1175724 0.550495
13.2686 0.1177328 1.56215
40.214 0.11776 4.7356
4.28102 0.1177733 0.50419
5.01642 0.1178151 0.59101
27.2666 0.1179025 3.2148
4.84848 0.1180545 0.572385
30.8259 0.1181604 3.6424
3.05478 0.1183293 0.36147
2.50274 0.1184462 0.29644
16.463 0.1184839 1.9506
5.50321 0.1184908 0.65208
3.20436 0.118551 0.37988
9.13228 0.1186516 1.08356
3.23014 0.1187116 0.383455
12.5376 0.1188704 1.49035
1.7355 0.1189311 0.206405
4.90192 0.1189564 0.583115
3.90243 0.1190861 0.464725
2.71674 0.1191557 0.323715
4.21836 0.1191589 0.502655
14.7383 0.1193557 1.7591
2.14046 0.1193949 0.25556
7.81834 0.1194704 0.93406
9.91986 0.1195551 1.18597
2.10554 0.1197009 0.252035
4.23429 0.1197296 0.50697
8.01249 0.1198048 0.959935
20.6865 0.1198584 2.47945
2.57431 0.1199215 0.308715
8.49715 0.1200255 1.019875
5.42856 0.120112 0.652035
3.82778 0.1201284 0.459825
2.57067 0.1203247 0.309315
3.98979 0.1203986 0.480365
4.47673 0.120464 0.539285
5.89821 0.1207146 0.712
1.57943 0.1207461 0.19071
3.41963 0.1207835 0.413035
2.27433 0.1207938 0.274725
3.46329 0.1208389 0.4185
2.18297 0.1210461 0.26424
1.99693 0.1211184 0.241865
2.23746 0.1211821 0.27114
21.4679 0.1211833 2.60155
10.1398 0.1212006 1.22895
2.1895 0.1217926 0.266665
2.6746 0.1220444 0.32642
9.72963 0.1220637 1.187635
5.07617 0.1221531 0.62007
3.08011 0.1223089 0.376725
26.8826 0.1224993 3.2931
72.0955 0.1226346 8.8414
2.22482 0.12272 0.27303
3.92423 0.1227591 0.481735
6.95819 0.1227733 0.85428
2.0102 0.1228062 0.246865
3.1977 0.1228821 0.39294
5.52397 0.1231008 0.680005
16.9744 0.123106 2.08965
2.82911 0.1231907 0.34852
3.02497 0.1232194 0.372735
2.55114 0.1232527 0.314435
3.69894 0.1232583 0.455925
3.27105 0.1232647 0.403205
1.0109 0.1233802 0.124725
10.6355 0.1234028 1.31245
12.2896 0.1234825 1.51755
3.90005 0.1235561 0.481875
2.49281 0.1235814 0.308065
6.24348 0.123649 0.772
18.0172 0.1239066 2.23245
3.87064 0.1240764 0.480255
1.08926 0.1242128 0.1353
3.83872 0.1243513 0.47735
4.38047 0.1243702 0.5448
5.80399 0.1243912 0.721965
6.19503 0.1245272 0.77145
3.7932 0.1246019 0.47264
4.20445 0.1246263 0.523985
6.45446 0.1246967 0.80485
7.53622 0.1247369 0.940045
14.3297 0.1250026 1.79125
1.47722 0.1250795 0.18477
13.7204 0.1251275 1.7168
3.07223 0.1251371 0.38445
7.94881 0.1252647 0.995705
3.6266 0.1255074 0.455165
2.4668 0.1256223 0.309885
9.5377 0.1256278 1.1982
4.0335 0.1256836 0.506945
8.67997 0.1258029 1.091965
6.40358 0.125864 0.80598
2.53061 0.1259756 0.318795
1.69573 0.1260755 0.21379
2.07668 0.1261148 0.2619
2.93266 0.1263648 0.370585
2.89179 0.1263837 0.365475
4.73021 0.1267354 0.599485
4.95433 0.1267659 0.62804
6.8783 0.1268955 0.872825
4.13365 0.1269169 0.52463
13.2054 0.1269481 1.6764
4.28408 0.1270074 0.54411
3.17764 0.1270817 0.40382
4.27562 0.127088 0.54338
14.2322 0.1271132 1.8091
3.91917 0.1275678 0.49996
9.12629 0.1275716 1.164255
2.63023 0.1275801 0.335565
8.9499 0.1276383 1.14235
75.0933 0.1276399 9.5849
5.01668 0.1277538 0.6409
10.4643 0.1277677 1.337
14.2687 0.1278287 1.82395
3.64617 0.127878 0.466265
3.19232 0.1279054 0.408315
3.24677 0.1279148 0.41531
3.32489 0.1280358 0.425705
10.4814 0.1280363 1.342
4.25956 0.1280649 0.5455
2.22989 0.1281229 0.2857
9.3482 0.1281263 1.19775
2.23789 0.1281698 0.28683
808.321 0.1283828 103.7745
5.05121 0.1284069 0.64861
2.21246 0.1284362 0.28416
31.2406 0.1286243 4.0183
5.67428 0.1287829 0.73075
180.455 0.1288715 23.2555
4.0554 0.1288738 0.522635
3.13291 0.1289249 0.40391
2.90841 0.1292338 0.375865
2.96168 0.1292493 0.382795
5.207 0.1295525 0.67458
2.32159 0.1295535 0.30077
6.6274 0.1296262 0.859085
3.05676 0.1296683 0.396365
2.83469 0.1297426 0.36778
7.21175 0.1298277 0.936285
12.8055 0.1299598 1.6642
3.77292 0.130065 0.490725
3.04083 0.1301849 0.39587
8.57891 0.1301908 1.116895
2.6023 0.1302271 0.33889
1.82478 0.1302623 0.2377
5.19872 0.1303513 0.67766
2.31736 0.1304286 0.30225
7.12314 0.130545 0.92989
12.9405 0.1307368 1.6918
2.26996 0.1309561 0.297265
1.04764 0.1309706 0.13721
42.5941 0.1312118 5.58885
7.82912 0.1313756 1.028555
6.52029 0.1314221 0.85691
1.79975 0.1315294 0.23672
2.33994 0.1315696 0.307865
9.14975 0.131744 1.205425
1.63312 0.1318366 0.215305
2.96184 0.1319045 0.39068
40.1442 0.1321461 5.3049
1.32069 0.1323172 0.17475
3.22852 0.1323594 0.427325
29.2691 0.1326126 3.88145
20.0463 0.1327901 2.66195
9.22692 0.132936 1.22659
14.628 0.1331317 1.94745
2.75826 0.1332035 0.36741
1.93964 0.1332361 0.25843
3.65589 0.1333807 0.487625
5.53071 0.1334494 0.73807
4.31606 0.133455 0.576
5.68183 0.1335151 0.75861
2.67333 0.1335638 0.35706
0.868353 0.1340912 0.1164385
2.23512 0.1341158 0.299765
3.45967 0.1341342 0.46406
1.40648 0.1344491 0.1891
2.78212 0.1346671 0.37466
72.3511 0.1348514 9.75665
1.06758 0.1349126 0.14403
31.1965 0.1350728 4.2138
0.484549 0.1351587 0.065491
11.6788 0.135198 1.57895
1.37684 0.1353788 0.186395
3.10098 0.1354104 0.419905
2.74117 0.1356519 0.371845
8.58183 0.13589 1.166185
2.21149 0.1359649 0.300685
2.34339 0.135991 0.31868
1.52302 0.1360389 0.20719
2.38288 0.1360895 0.324285
5.28347 0.1361899 0.719555
2.00977 0.1363688 0.27407
1.3545 0.1369251 0.185465
2.84529 0.1369632 0.3897
10.9101 0.1370794 1.49555
5.36183 0.1372367 0.73584
1.30669 0.1376417 0.179855
2.5744 0.1379001 0.35501
12.486 0.1381147 1.7245
1.36608 0.1381508 0.188725
4.35998 0.1382541 0.602785
1.71662 0.1384727 0.237705
7.38359 0.1385024 1.022645
2.76402 0.1385771 0.38303
23.5372 0.1386125 3.26255
25.6747 0.1387884 3.56335
6.31971 0.1390214 0.878575
88.4408 0.1391337 12.3051
4.31901 0.1391627 0.601045
1.95936 0.139446 0.273225
4.76912 0.1395499 0.66553
12.6638 0.1395632 1.7674
9.39537 0.1400014 1.315365
6.56828 0.1401744 0.920705
1.16235 0.1403837 0.163175
1.78799 0.1404818 0.25118
2.60956 0.1407038 0.367175
2.2821 0.1409513 0.321665
2.09189 0.1410543 0.29507
1.52457 0.1411611 0.21521
1.29151 0.1412184 0.182385
1.64707 0.1415544 0.23315
1.62458 0.1419505 0.23061
0.82372 0.1419779 0.11695
2.54549 0.1420493 0.361585
1.396 0.142303 0.198655
7.71381 0.1426831 1.10063
2.69252 0.1427807 0.38444
1.8808 0.1429711 0.2689
3.6221 0.1429916 0.51793
11.5473 0.143172 1.65325
7.60207 0.1431926 1.08856
1.4269 0.143195 0.204325
1.75098 0.1433312 0.25097
1.09636 0.1434292 0.15725
0.63042 0.1438303 0.0906735
0.962016 0.1440018 0.138532
2.78937 0.1440218 0.40173
3.45423 0.1441132 0.4978
7.69418 0.1441349 1.109
2.09502 0.1441609 0.30202
8.55628 0.1441877 1.23371
7.17485 0.1444797 1.03662
2.88547 0.1446957 0.417515
6.27562 0.144757 0.90844
2.13934 0.1449162 0.310025
5.31504 0.1449481 0.770405
5.67164 0.1450189 0.822495
858.431 0.1450315 124.4995
17.1136 0.145136 2.4838
1.9543 0.145162 0.28369
1.9716 0.1452754 0.286425
5.69536 0.1454272 0.82826
6.72661 0.1455161 0.97883
7.50607 0.1458719 1.094925
1.31794 0.1460575 0.192495
5.38714 0.1464358 0.78887
4.0119 0.1465939 0.58812
4.36408 0.1465968 0.63976
7.50809 0.1470507 1.10407
1.21198 0.1470528 0.178225
0.724457 0.1473103 0.10672
1.98373 0.1473184 0.29224
3.16798 0.1477787 0.46816
5.77288 0.1478032 0.85325
2.51887 0.1479155 0.37258
4.59705 0.147922 0.680005
1.11758 0.1479536 0.16535
2.20214 0.1479674 0.325845
10.3241 0.1480032 1.528
1.71614 0.1482018 0.254335
7.88369 0.1487444 1.172655
0.858104 0.1488258 0.127708
1.34565 0.1488909 0.200355
1.0238 0.1495312 0.15309
1.84539 0.1496892 0.276235
3.3801 0.1501287 0.50745
0.836214 0.1506588 0.125983
6.56973 0.1506614 0.989805
6.80806 0.1510063 1.02806
3.12656 0.1516331 0.47409
9.82049 0.1517292 1.490055
2.26581 0.1518331 0.344025
4.11692 0.1518781 0.62527
1.3564 0.1520753 0.206275
2.19492 0.1520807 0.333805
1.20208 0.1521405 0.182885
1.83983 0.1522369 0.28009
1.86881 0.1522975 0.284615
5.50453 0.1523236 0.83847
1.7605 0.1524453 0.26838
8.60579 0.1526478 1.313655
1.78611 0.1532772 0.27377
12.3337 0.1533076 1.89085
14.577 0.1537799 2.24165
2.0068 0.1538669 0.30878
2.16489 0.1544259 0.334315
5.36698 0.1544314 0.82883
7.51411 0.155033 1.164935
1.77017 0.1550501 0.274465
1.24795 0.1550663 0.193515
3.34113 0.1551601 0.51841
4.26922 0.1554921 0.66383
11.2707 0.1556691 1.7545
3.44249 0.1557826 0.53628
5.01516 0.1562483 0.78361
2.12663 0.1564306 0.33267
2.08531 0.1565547 0.326465
4.1995 0.1566579 0.657885
3.53606 0.1569982 0.555155
1.83785 0.1570449 0.288625
1.76726 0.1575207 0.27838
2.80062 0.1577133 0.441695
1.61948 0.1577636 0.255495
3.5126 0.1580467 0.555155
1.53083 0.1582246 0.242215
5.51029 0.1587367 0.874685
0.858507 0.1589288 0.1364415
3.61336 0.1590307 0.574635
2.02802 0.1590936 0.322645
6.56882 0.159177 1.045605
5.36197 0.159447 0.85495
1.48848 0.1594949 0.237405
4.0376 0.1599217 0.6457
1.00917 0.1600622 0.16153
2.9414 0.160614 0.47243
12.2142 0.1606655 1.9624
6.41659 0.160964 1.03284
5.79531 0.1613244 0.934925
3.95631 0.1618111 0.640175
0.476001 0.1619639 0.077095
2.36836 0.1620953 0.3839
4.4533 0.1621011 0.721885
2.24457 0.1621313 0.363915
1.30608 0.1623293 0.212015
7.53095 0.1624636 1.223505
2.84577 0.1625588 0.462605
2.71662 0.1628789 0.44248
2.63898 0.1629645 0.43006
1.90692 0.1630561 0.310935
7.79853 0.1633237 1.273685
13.1129 0.1634459 2.14325
1.18834 0.1634549 0.19424
5.90093 0.1635505 0.9651
1.97326 0.1636784 0.32298
1.24515 0.1637554 0.2039
1.40634 0.163922 0.23053
5.53675 0.1645008 0.9108
2.53012 0.1645416 0.41631
6.54536 0.1646327 1.07758
1.85162 0.1646963 0.304955
2.10737 0.1648002 0.347295
2.57791 0.1649631 0.42526
2.53587 0.165042 0.418525
3.0043 0.1652565 0.49648
0.439019 0.1655919 0.072698
1.04676 0.1665377 0.174325
0.520229 0.1672379 0.087002
8.72418 0.1676903 1.46296
1.35294 0.1677347 0.226935
6.79479 0.1678735 1.140665
6.27759 0.1679809 1.054515
2.74771 0.1683402 0.46255
1.13935 0.1683899 0.191855
1.59169 0.1685693 0.26831
5.57052 0.1693585 0.943415
1.66244 0.169934 0.282505
1.64296 0.1702293 0.27968
10.5888 0.1703073 1.80335
0.56195 0.1707349 0.0959445
2.77568 0.1707564 0.473965
7.71449 0.1711267 1.320155
4.25643 0.1711986 0.728695
2.37561 0.171436 0.407265
2.62303 0.1714658 0.44976
2.69419 0.1716898 0.462565
3.81685 0.1728873 0.659885
2.1354 0.1729137 0.36924
5.18594 0.1729947 0.89714
4.78865 0.1730331 0.828595
1.72637 0.1732045 0.299015
6.11734 0.1732191 1.05964
13.339 0.1733338 2.3121
8.29661 0.1733413 1.438145
2.22643 0.173356 0.385965
1.04451 0.1734593 0.18118
1.33903 0.1735174 0.232345
5.98892 0.1737367 1.040495
0.707644 0.1737512 0.122954
1.63725 0.1739411 0.284785
2.7985 0.1743237 0.487845
2.1362 0.1746138 0.37301
2.19369 0.1747581 0.383365
1.37818 0.1750932 0.24131
2.34809 0.17517 0.411315
3.76693 0.1752289 0.660075
2.00378 0.1752488 0.35116
7.39939 0.1757253 1.30026
1.30812 0.1758975 0.230095
2.99807 0.1765853 0.529415
1.40598 0.1766419 0.248355
1.82659 0.1770813 0.323455
2.47794 0.1772057 0.439105
1.89451 0.1773414 0.335975
9.16281 0.1775869 1.627195
1.90175 0.1776942 0.33793
3.13201 0.1776958 0.556545
1.01646 0.1777984 0.180725
1.59066 0.1783253 0.283655
1.0711 0.1787368 0.191445
1.24208 0.1790666 0.222415
2.71168 0.1791251 0.48573
1.34354 0.1796523 0.24137
6.65888 0.1798403 1.197535
0.564693 0.1798544 0.1015625
3.81328 0.1801835 0.68709
1.45268 0.1802944 0.26191
4.54584 0.1804199 0.82016
3.27811 0.180482 0.59164
7.25224 0.1804953 1.308995
3.95911 0.1805103 0.71466
1.81553 0.1806194 0.32792
12.8493 0.1806207 2.32085
0.911277 0.1806822 0.1646515
5.25954 0.1811223 0.95262
4.03271 0.1812045 0.730745
1.25914 0.1819853 0.229145
7.27336 0.1824459 1.326995
3.12738 0.1826161 0.57111
6.23647 0.1833674 1.143565
2.76557 0.1835661 0.507665
4.42815 0.1835755 0.8129
0.768907 0.1838798 0.1413865
0.936362 0.1839342 0.172229
0.696519 0.1841665 0.1282755
1.51681 0.1843243 0.279585
3.30171 0.1844362 0.608955
2.94515 0.1845611 0.54356
2.05667 0.1858563 0.382245
1.50942 0.1861808 0.281025
1.77247 0.186195 0.330025
2.42729 0.1871964 0.45438
2.12136 0.1872407 0.397205
5.19941 0.1873299 0.974005
1.24111 0.1879688 0.23329
2.81207 0.1892432 0.532165
5.357 0.1893877 1.01455
0.566738 0.1895955 0.107451
1.56796 0.1902663 0.29833
1.05904 0.1904366 0.20168
3.57105 0.1906274 0.68074
1.14082 0.1907005 0.217555
1.89112 0.191265 0.361705
8.71791 0.1913641 1.668295
3.99353 0.1913808 0.764285
3.22783 0.1915792 0.618385
1.75889 0.1920387 0.337775
1.98061 0.1920822 0.38044
7.87069 0.1925187 1.515255
1.56691 0.1925318 0.30168
4.92865 0.1927556 0.950025
2.48591 0.1927906 0.47926
2.83501 0.1932974 0.548
2.77851 0.1945503 0.54056
24.0388 0.1945563 4.6769
0.686767 0.1946526 0.133681
0.647366 0.1947098 0.1260485
1.17163 0.1950274 0.2285
0.567049 0.1950846 0.1106225
60.274 0.1951845 11.76455
2.1966 0.1952449 0.428875
0.197936 0.1959042 0.0387765
0.954095 0.1959108 0.1869175
0.820677 0.1964981 0.1612615
4.09559 0.1967262 0.80571
0.656561 0.1972612 0.129514
1.14171 0.1972874 0.225245
0.973213 0.1975349 0.1922435
0.949043 0.1979189 0.1878335
0.304607 0.1981012 0.060343
0.407431 0.198155 0.0807345
1.41725 0.1983136 0.28106
0.471339 0.1983424 0.0934865
1.05714 0.1988242 0.210185
3.64925 0.1998164 0.72918
0.725313 0.2001667 0.1451835
2.33829 0.2004969 0.46882
2.55187 0.2007724 0.512345
0.587702 0.2010381 0.1181505
2.65908 0.201361 0.535435
0.301215 0.2014176 0.06067
0.23795 0.2017693 0.048011
2.39501 0.2021453 0.48414
3.431 0.2021481 0.69357
2.2094 0.2021657 0.446665
3.58331 0.2022153 0.7246
1.061 0.2022714 0.21461
1.27839 0.2024108 0.25876
1.50715 0.2028531 0.30573
1.26548 0.202923 0.256795
1.28005 0.2032499 0.26017
0.961751 0.2046522 0.1968245
0.523237 0.2051088 0.1073205
3.11939 0.2055097 0.641065
0.704723 0.2056326 0.144914
0.258813 0.2056717 0.0532305
3.61714 0.2061836 0.745795
1.08097 0.2064257 0.22314
2.12134 0.2067325 0.43855
3.94897 0.2069185 0.817115
0.302725 0.2070642 0.0626835
8.68906 0.2075506 1.80342
0.741752 0.2076557 0.154029
1.37447 0.2078074 0.285625
1.11071 0.2089564 0.23209
2.4559 0.2092308 0.51385
0.802157 0.2095992 0.1681315
0.713745 0.2104218 0.1501875
6.46039 0.2117117 1.36774
2.23628 0.212337 0.474845
8.97504 0.2124648 1.90688
0.858537 0.2126251 0.1825465
2.594 0.2126253 0.55155
0.756394 0.2133914 0.161408
7.4421 0.2136158 1.58975
1.2299 0.2140459 0.263255
0.988586 0.2140704 0.211627
0.356313 0.215197 0.0766775
1.1299 0.2153775 0.243355
1.00154 0.2154282 0.21576
1.83135 0.2156333 0.3949
0.655175 0.2157813 0.1413745
1.07546 0.2163539 0.23268
0.562022 0.2165671 0.1217155
1.01061 0.2166513 0.21895
1.23021 0.2167313 0.266625
11.7405 0.2168349 2.54575
0.75871 0.2168945 0.16456
0.959116 0.2171552 0.208277
6.43728 0.2174599 1.39985
3.86874 0.2174855 0.841395
1.32522 0.218892 0.29008
0.704592 0.2189196 0.154249
1.91219 0.2198735 0.42044
2.61698 0.2206532 0.577445
0.53509 0.2225915 0.1191065
4.94397 0.2228584 1.101805
1.82267 0.223532 0.407425
7.21602 0.2241041 1.61714
0.695035 0.2254095 0.1566675
1.13626 0.2265943 0.25747
1.30844 0.2271675 0.297235
3.59709 0.2274436 0.818135
2.42616 0.2277405 0.552535
1.09206 0.2283483 0.24937
0.330247 0.2285108 0.075465
0.866826 0.229039 0.198537
3.4319 0.229099 0.786245
0.809032 0.2291553 0.185394
4.17854 0.229378 0.958465
1.34778 0.2294291 0.30922
20.2037 0.2297079 4.64095
4.68914 0.2305775 1.08121
0.601568 0.2311335 0.1390425
3.2196 0.2317431 0.74612
1.5249 0.2320873 0.35391
0.848187 0.2320968 0.1968615
2.79495 0.2321455 0.648835
2.55913 0.2328057 0.59578
2.12227 0.2331466 0.4948
1.16813 0.2333816 0.27262
1.21805 0.2334715 0.28438
4.17642 0.2335134 0.97525
0.228481 0.2354047 0.0537855
7.68825 0.2361363 1.815475
0.207817 0.2364749 0.0491435
2.01793 0.2377412 0.479745
0.51719 0.2380054 0.123094
0.769514 0.2381152 0.183233
0.299153 0.2388293 0.0714465
0.622891 0.2392682 0.149038
0.746649 0.2403881 0.1794855
1.17412 0.2405376 0.28242
1.98183 0.2421853 0.47997
0.339386 0.2428179 0.082409
3.53867 0.2439024 0.86309
0.433122 0.2454539 0.1063115
1.74466 0.2463546 0.429805
0.851877 0.2463695 0.2098765
4.35783 0.2473938 1.0781
1.98246 0.2476494 0.490955
0.864258 0.2482256 0.214531
0.425272 0.2491347 0.10595
3.22685 0.249398 0.80477
2.77005 0.2494197 0.690905
1.58429 0.250071 0.396185
0.758006 0.2503041 0.189732
1.74918 0.2504974 0.438165
0.452542 0.2510861 0.113627
0.419216 0.2512094 0.105311
0.500648 0.2518746 0.1261005
1.62739 0.2523734 0.41071
3.35172 0.2530984 0.848315
0.264471 0.2531544 0.066952
1.05159 0.2534495 0.266525
0.345652 0.2535035 0.087624
0.610371 0.2554291 0.1559065
3.07304 0.2572908 0.790665
0.366871 0.2575442 0.0944855
1.31549 0.2578583 0.33921
2.64388 0.2580563 0.68227
2.18994 0.2586349 0.566395
0.874793 0.2588538 0.2264435
0.717971 0.2591672 0.1860745
0.497587 0.2607072 0.1297245
0.522547 0.2609335 0.13635
0.910184 0.2612417 0.237778
1.67235 0.2614136 0.437175
0.817013 0.2622155 0.2142335
1.69692 0.2627908 0.445935
2.08726 0.2636327 0.55027
5.47278 0.2637215 1.44329
0.892318 0.2646265 0.236131
0.602132 0.2658844 0.1600975
0.77317 0.2665908 0.20612
0.659433 0.2666283 0.1758235
1.0222 0.2670466 0.272975
1.19331 0.2673237 0.319
1.09917 0.2677839 0.29434
0.905425 0.2682249 0.2428575
0.475946 0.2695673 0.1282995
2.07866 0.2700105 0.56126
0.919054 0.2708415 0.248918
82.8726 0.2713104 22.4842
2.39492 0.2714976 0.650215
0.300627 0.271599 0.08165
1.0974 0.272813 0.299385
1.16639 0.2736563 0.31919
2.15646 0.2748324 0.592665
0.444185 0.2748562 0.122087
0.747119 0.2767103 0.2067355
0.355358 0.2771796 0.098498
0.708842 0.2785868 0.197474
2.10237 0.2793823 0.587365
0.553243 0.2796936 0.1547385
2.59987 0.2798928 0.727685
0.527256 0.2808048 0.148056
0.344665 0.2824989 0.0973675
0.313226 0.2827862 0.088576
0.37876 0.283409 0.107344
0.23557 0.2837288 0.066838
0.807971 0.2846878 0.2300195
0.551301 0.2850521 0.1571495
6.42361 0.2852127 1.832095
1.30817 0.287799 0.37649
0.43064 0.2878042 0.12394
0.510453 0.2893636 0.1477065
0.137798 0.293386 0.040428
0.956135 0.2942027 0.2812975
3.67567 0.2958862 1.08758
1.43949 0.295959 0.42603
1.99007 0.2980071 0.593055
0.826529 0.29826 0.2465205
1.62208 0.2984193 0.48406
0.941336 0.2995763 0.282002
0.856946 0.301725 0.258562
0.92854 0.3019687 0.28039
1.02029 0.3026737 0.308815
2.02948 0.3034349 0.615815
1.45573 0.3040777 0.442655
1.24638 0.3047225 0.3798
0.418678 0.3057075 0.127993
0.46019 0.3062398 0.1409285
0.141076 0.3064341 0.0432305
0.391809 0.3065524 0.12011
1.79934 0.3072682 0.55288
0.219155 0.3075403 0.067399
9.10109 0.3078263 2.801555
0.77999 0.3080232 0.240255
0.443517 0.3104594 0.137694
0.47339 0.3116342 0.1475245
4.78471 0.3121506 1.49355
0.437662 0.3126499 0.136835
0.51038 0.3133371 0.159921
1.64944 0.314534 0.518805
1.81305 0.3154243 0.57188
1.68818 0.3201821 0.540525
4.68708 0.3224257 1.511235
1.30815 0.324397 0.42436
1.10538 0.3250556 0.35931
0.335115 0.3256852 0.109142
1.23284 0.3261088 0.40204
1.54827 0.3267712 0.50593
0.409221 0.3280428 0.134242
0.515867 0.3297846 0.170125
0.405714 0.3301143 0.133932
0.355001 0.3304864 0.117323
0.740956 0.3319387 0.245952
0.236825 0.335294 0.079406
0.285371 0.3353494 0.095699
0.263288 0.335623 0.0883655
1.13512 0.3362992 0.38174
0.169392 0.3369994 0.057085
0.698452 0.3377956 0.235934
0.188113 0.3384003 0.0636575
0.537473 0.3421009 0.18387
0.399075 0.3423717 0.136632
0.339032 0.3423733 0.1160755
0.609732 0.3429851 0.209129
0.208392 0.3439144 0.071669
0.510807 0.3451587 0.1763095
0.298089 0.3473107 0.1035295
0.72014 0.3473769 0.25016
0.920816 0.3489535 0.321322
0.407497 0.3501744 0.142695
1.83523 0.3526969 0.64728
1.32328 0.3537271 0.46808
0.421373 0.3596434 0.151544
0.264462 0.3604904 0.095336
0.518101 0.3604905 0.1867705
1.09811 0.3608154 0.396215
0.643574 0.3626125 0.233368
0.0336276 0.3626143 0.01219385
0.43563 0.3642667 0.1586855
0.298904 0.3687338 0.110216
0.801082 0.3710032 0.297204
0.247429 0.3729898 0.0922885
0.295395 0.3731343 0.110222
0.498892 0.373191 0.186182
0.369877 0.3746746 0.1385835
0.711256 0.374896 0.266647
0.837493 0.3759237 0.3148335
0.424376 0.3780598 0.1604395
0.59857 0.3804568 0.22773
0.23154 0.381772 0.0883955
0.100806 0.3843025 0.03874
1.04696 0.3855544 0.40366
0.138371 0.3860852 0.053423
0.301098 0.3862829 0.116309
0.925905 0.3867108 0.3580575
0.268187 0.3878973 0.104029
0.096719 0.3885328 0.0375785
0.154248 0.3927377 0.060579
0.542683 0.3927947 0.213163
1.01291 0.3941614 0.39925
0.419246 0.3968326 0.1663705
0.188478 0.3972559 0.074874
0.168094 0.3984318 0.066974
0.298362 0.4048924 0.1208045
0.723884 0.4083154 0.295573
2.59361 0.4107325 1.06528
0.260696 0.4144617 0.1080485
0.208454 0.4154993 0.0866125
1.26803 0.4171983 0.52902
0.204308 0.4174971 0.085298
2.21477 0.4179373 0.925635
0.253966 0.4201409 0.1067015
0.91679 0.4224304 0.38728
0.130186 0.4266319 0.0555415
0.382236 0.4267024 0.163101
0.268678 0.4312374 0.115864
0.511063 0.4374862 0.223583
0.721502 0.4422289 0.319069
0.102999 0.4426257 0.04559
0.129815 0.4533066 0.058846
0.379654 0.4536512 0.1722305
0.181105 0.4551365 0.0824275
0.19276 0.4582382 0.08833
0.148834 0.4584873 0.0682385
0.21693 0.4622482 0.1002755
0.318049 0.4645605 0.147753
0.189373 0.466933 0.0884245
3.98057 0.4673866 1.860465
0.231975 0.4682315 0.108618
0.262042 0.4685413 0.1227775
29.3104 0.4698332 13.771
1.01523 0.4705879 0.477755
0.214373 0.4743881 0.101696
0.204889 0.4753208 0.097388
0.163011 0.4764862 0.0776725
0.112169 0.4825264 0.0541245
0.340912 0.4853305 0.165455
0.385728 0.4866473 0.1877135
0.772812 0.4926347 0.380714
0.240718 0.4946203 0.119064
0.217451 0.4949391 0.107625
0.319513 0.496166 0.1585315
0.0627482 0.4966581 0.0311644
0.102975 0.4966594 0.0511435
0.700476 0.4999629 0.350212
0.147052 0.5013941 0.073731
0.440969 0.5080505 0.2240345
0.648777 0.5091603 0.3303315
0.360065 0.5144932 0.185251
0.190086 0.5172948 0.0983305
0.563459 0.5214053 0.2937905
10.7924 0.5225761 5.63985
0.224782 0.5226531 0.117483
1.5822 0.5245418 0.82993
0.294991 0.5301263 0.1563825
0.885809 0.5309672 0.4703355
0.596964 0.5311342 0.317068
0.0840175 0.5331717 0.04479575
0.326628 0.5342056 0.1744865
0.389997 0.5344156 0.2084205
0.109519 0.5361535 0.058719
0.217155 0.5400659 0.117278
0.768879 0.5438053 0.4181205
0.521026 0.5445064 0.283702
0.233977 0.5459981 0.127751
0.0970155 0.5472141 0.05308825
0.122806 0.5475262 0.0672395
0.302953 0.5521682 0.167281
0.0743539 0.5608522 0.04170155
0.437342 0.5705889 0.2495425
0.898632 0.5775434 0.518999
0.385379 0.5782334 0.222839
0.32681 0.5810639 0.1898975
0.152976 0.5817939 0.0890005
0.0598994 0.5833915 0.0349448
0.123974 0.5851187 0.0725395
0.147763 0.5884964 0.086958
0.193998 0.5905783 0.114571
0.511567 0.5911963 0.3024365
0.0913977 0.5945844 0.05434365
0.0997588 0.5995722 0.0598126
0.109293 0.6079758 0.0664475
0.218597 0.6204202 0.135622
0.658803 0.6269833 0.4130585
0.0843544 0.6278368 0.0529608
0.795883 0.6284573 0.5001785
0.814007 0.6286758 0.5117465
0.29734 0.6520683 0.193886
0.0680235 0.6598345 0.04488425
0.168296 0.660797 0.1112095
0.0933055 0.6619036 0.06175925
0.0681377 0.6693967 0.04561115
0.189583 0.6744645 0.127867
0.09766 0.6747133 0.0658925
0.195667 0.6783975 0.13274
0.157692 0.6801835 0.1072595
36.4281 0.6847557 24.94435
0.0820359 0.6961836 0.05711205
0.0755451 0.6961861 0.05259345
0.111092 0.6966883 0.0773965
0.221431 0.6970727 0.1543535
0.0625277 0.7027949 0.04394415
0.158368 0.7104718 0.112516
0.120839 0.7108508 0.0858985
0.0847989 0.719438 0.06100755
0.250316 0.7224009 0.1808285
0.719229 0.7242137 0.5208755
0.0730819 0.7242156 0.05292705
0.21876 0.724216 0.1584295
0.0951629 0.7252201 0.06901405
0.192183 0.7290941 0.1401195
0.518748 0.7387421 0.383221
0.089344 0.7459818 0.066649
0.138092 0.7467449 0.1031195
0.0548846 0.7513164 0.0412357
0.119735 0.7543492 0.090322
0.137121 0.7559345 0.1036545
0.768157 0.7621248 0.5854315
0.0608121 0.7627915 0.04638695
0.0917257 0.7641005 0.07008765
0.0691809 0.7641061 0.05286155
0.0843642 0.7690632 0.0648814
0.139396 0.7708148 0.1074485
0.033588 0.7729516 0.0259619
0.696279 0.7843271 0.5461105
0.0907477 0.7849637 0.07123365
0.157273 0.7969518 0.125339
0.0782776 0.7982833 0.0624877
0.0789888 0.799583 0.0631581
0.0431145 0.8061615 0.03475725
0.254901 0.8098477 0.206431
0.102688 0.8128749 0.0834725
0.182363 0.8258419 0.150603
0.130639 0.8428991 0.1101155
0.080109 0.84493 0.0676865
268.352 0.8517078 228.5575
0.0762332 0.8585354 0.0654489
0.319036 0.8590598 0.274071
0.143316 0.8610867 0.1234075
0.0905028 0.8693057 0.0786746
0.0967972 0.8693061 0.0841464
0.322552 0.8745846 0.282099
0.0473071 0.8777742 0.04152495
0.0279481 0.9077218 0.0253691
0.215206 0.9149001 0.196892
0.04719 0.9394787 0.044334
0.0399262 0.9576393 0.0382349
0.152532 0.9615589 0.1466685
0.169442 0.9674254 0.1639225
0.32625 0.980167 0.3197795
0.285041 1.041182 0.2967795
11.7596 1.081257 12.71515
0.0329403 1.084913 0.03573735
0.0249729 1.084916 0.0270935
0.778091 1.087642 0.8462845
0.158573 1.094764 0.1736
0.0551071 1.101509 0.06070095
0.0293905 1.101516 0.0323741
0.792086 1.115576 0.883632
0.0372696 1.118893 0.0417007
0.0240559 1.118896 0.02691605
7.65063 1.123657 8.596685
0.0475411 1.12837 0.05364395
0.0339186 1.143051 0.0387707
0.0194927 1.143056 0.02228125
0.0239122 1.162513 0.02779825
0.0408647 1.165251 0.04761765
0.0437681 1.193619 0.05224245
0.0812836 1.250636 0.1016562
0.10852 1.306621 0.1417945
0.0380309 1.338794 0.05091555
0.0350566 1.338798 0.0469337
0.261031 1.364888 0.356278
0.0127989 1.370356 0.01753905
0.0720025 1.370366 0.09866975
0.0659496 1.370868 0.0904082
0.0505783 1.370872 0.06933635
0.0790615 1.431269 0.1131582
0.0778631 1.44422 0.1124514
0.0370106 1.452941 0.0537742
0.030741 1.452946 0.044665
0.0212026 1.452949 0.0308063
0.125049 1.503515 0.188013
0.0523 1.58738 0.08302
0.0339113 1.627152 0.05517885
0.0571306 1.716509 0.0980652
0.0192938 1.759998 0.03395705
0.648538 1.818307 1.179241
0.0266429 1.85164 0.04933305
0.0130158 1.851642 0.0241006
0.0328706 1.851646 0.0608647
0.0398552 1.85165 0.0737979
0.0173532 1.85165 0.03213205
0.0161877 1.851653 0.029974
0.0153903 1.851657 0.02849755
0.0443541 1.859556 0.08247895
0.0211922 1.937972 0.0410699
0.0267035 1.937976 0.05175075
0.0141332 1.937979 0.02738985
0.0125242 1.937988 0.02427175
0.0184504 1.937988 0.03575665
0.0120726 1.937992 0.0233966
0.121935 1.958556 0.2388165
0.0140929 2.111038 0.02975065
0.041878 2.218193 0.0928935
0.0230414 2.41981 0.0557558
0.0206351 2.591456 0.05347495
0.04784 3.018959 0.144427
0.312871 3.177666 0.9941995
2.99324 3.390066 10.14728
0.0328012 3.429186 0.1124814
0.0242257 3.755749 0.09098565
0.00365602 3.755789 0.01373124
0.0178515 3.755805 0.06704675
0.0371119 4.125026 0.1530876
0.0213767 4.593419 0.09819215
0.0218472 4.631756 0.1011909
0.0102612 5.593634 0.0573974
