22.9829 0.03838724 0.88225
38.7736 0.05266341 2.04195
43.2129 0.05268797 2.2768
8.61549 0.05269114 0.45396
11.5339 0.05269683 0.6078
29.1708 0.05271024 1.5376
27.5243 0.05272977 1.45135
38.7907 0.05273042 2.04545
40.8338 0.05273572 2.1534
13.0899 0.05275059 0.6905
55.6553 0.05275149 2.9359
28.2749 0.05275173 1.49155
13.8669 0.05275873 0.7316
11.3144 0.05276462 0.597
6.8368 0.05277469 0.36081
27.2287 0.05277703 1.43705
29.0157 0.05277832 1.5314
52.6304 0.05277843 2.77775
37.5669 0.05279515 1.98335
51.7847 0.05280807 2.73465
16.9457 0.05281281 0.89495
9.88151 0.05283049 0.522045
18.0582 0.05283195 0.95405
20.1947 0.0528406 1.0671
11.8846 0.05286674 0.6283
38.4545 0.05287808 2.0334
18.7884 0.05290765 0.99405
40.2053 0.05293581 2.1283
14.897 0.05293683 0.7886
119.41 0.05293945 6.3215
22.28 0.05294659 1.17965
14.9622 0.05294676 0.7922
59.7468 0.05296602 3.16455
46.1476 0.05298542 2.44515
16.3566 0.0529939 0.8668
50.3055 0.05301011 2.6667
34.6255 0.05301873 1.8358
25.2709 0.05301948 1.33985
11.9729 0.05301974 0.6348
48.6711 0.05302531 2.5808
107.244 0.05304726 5.689
22.5958 0.05306075 1.19895
28.9436 0.05309291 1.5367
39.2582 0.05311374 2.08515
17.7449 0.05312231 0.94265
15.329 0.05315415 0.8148
41.6629 0.05317681 2.2155
55.3648 0.05321883 2.94645
22.851 0.05325806 1.217
50.6628 0.05326393 2.6985
28.5096 0.05328205 1.51905
41.5372 0.05328838 2.21345
13.4066 0.05338042 0.71565
27.3934 0.05340155 1.46285
80.2509 0.05342245 4.2872
68.183 0.05349574 3.6475
30.8828 0.05350065 1.65225
25.5837 0.05350282 1.3688
10.8027 0.05350514 0.578
42.1796 0.05352232 2.25755
21.2068 0.05353236 1.13525
13.9536 0.05353457 0.747
36.9847 0.0535681 1.9812
36.9867 0.053599 1.98245
31.3595 0.05366635 1.68295
37.5404 0.05367151 2.01485
14.9965 0.05368586 0.8051
25.562 0.05371254 1.373
28.5193 0.05380392 1.53445
24.7757 0.05381079 1.3332
43.3496 0.05383325 2.33365
64.9489 0.05386388 3.4984
65.5749 0.05390706 3.53495
40.0447 0.05392224 2.1593
27.8894 0.05393268 1.50415
10.244 0.05393401 0.5525
70.8018 0.05394072 3.8191
17.3737 0.05401267 0.9384
19.2495 0.05403777 1.0402
102.772 0.05404682 5.5545
13.9388 0.05406491 0.7536
58.9888 0.05407721 3.18995
24.0142 0.05410549 1.2993
13.5644 0.05410855 0.73395
41.8053 0.05411993 2.2625
12.6241 0.05414643 0.68355
34.5777 0.05418377 1.87355
23.4333 0.05418998 1.26985
80.7817 0.05422577 4.38045
10.9005 0.05424981 0.59135
26.8975 0.05429687 1.46045
13.968 0.05432775 0.75885
6.52606 0.05434443 0.354655
75.9598 0.05435046 4.12845
38.5974 0.05438967 2.0993
5.49337 0.05441195 0.298905
185.131 0.05442633 10.076
21.0364 0.05445799 1.1456
14.2678 0.05448282 0.77735
17.2883 0.0544935 0.9421
6.22538 0.05453964 0.33953
17.6571 0.05454463 0.9631
11.5721 0.05466164 0.63255
15.9266 0.05466327 0.8706
17.4458 0.05467218 0.9538
32.1997 0.0546915 1.76105
8.62319 0.05472279 0.471885
11.7693 0.05480785 0.64505
13.4745 0.05481094 0.73855
16.2638 0.05487647 0.8925
65.7672 0.05487766 3.60915
24.8586 0.05497092 1.3665
23.4414 0.05505004 1.29045
13.8573 0.05508288 0.7633
14.1118 0.05513117 0.778
20.5626 0.05513408 1.1337
11.3752 0.05515068 0.62735
13.3537 0.05522065 0.7374
11.3368 0.05522281 0.62605
15.2197 0.05527376 0.84125
13.2991 0.05530825 0.73555
6.92072 0.05532083 0.38286
32.0296 0.05533475 1.77235
52.3255 0.05538409 2.898
21.1537 0.05540402 1.172
22.7422 0.05554432 1.2632
71.0525 0.05569121 3.957
17.2302 0.05573934 0.9604
11.3951 0.0557652 0.63545
14.4049 0.05581087 0.80395
11.9161 0.05583622 0.66535
11.3649 0.05585179 0.63475
158.517 0.0558836 8.8585
26.5949 0.05591298 1.487
11.2737 0.05595324 0.6308
6.46044 0.05597606 0.36163
11.8441 0.05598568 0.6631
14.8744 0.05599554 0.8329
35.794 0.05603593 2.00575
21.1596 0.05608093 1.18665
9.65973 0.05610768 0.541985
81.0188 0.05614314 4.54865
147.857 0.05619957 8.3095
154.996 0.05620468 8.7115
37.1439 0.05623804 2.0889
107.426 0.05624802 6.0425
59.6576 0.05625101 3.3558
27.8083 0.05638964 1.5681
14.9469 0.05643645 0.84355
338.169 0.05643776 19.0855
18.3502 0.0564408 1.0357
15.5427 0.05654101 0.8788
23.6606 0.05654125 1.3378
46.8115 0.05660041 2.64955
47.995 0.05668507 2.7206
14.4033 0.05674741 0.81735
9.21129 0.05676784 0.522905
75.299 0.05679823 4.27685
13.9146 0.05686114 0.7912
4.96725 0.05691479 0.28271
12.1205 0.05698197 0.69065
5.76806 0.05701484 0.328865
14.3233 0.05701898 0.8167
5.72534 0.05706735 0.32673
17.3603 0.05709579 0.9912
9.65847 0.05716899 0.552165
53.1781 0.05728016 3.04605
336.149 0.05733618 19.2735
21.5923 0.05745567 1.2406
6.50319 0.05745642 0.37365
96.3215 0.05748197 5.53675
49.6367 0.05749979 2.8541
14.9345 0.05755466 0.85955
11.3925 0.05760369 0.65625
14.358 0.05767516 0.8281
17.1562 0.05770217 0.98995
378.794 0.05771079 21.8605
17.7648 0.05778844 1.0266
10.1928 0.05779079 0.58905
35.1057 0.05785243 2.03095
37.6987 0.05786539 2.18145
123.785 0.05790685 7.168
45.5621 0.05792643 2.63925
29.1696 0.05802616 1.6926
41.0544 0.05809487 2.38505
63.1961 0.0581452 3.67455
23.6837 0.05818559 1.37805
8.61907 0.05818667 0.501515
12.134 0.05828663 0.70725
72.8413 0.05833092 4.2489
14.0684 0.05843593 0.8221
15.5018 0.05846095 0.90625
17.5567 0.0584791 1.0267
45.9604 0.05859283 2.69295
14.8043 0.05862824 0.86795
22.6852 0.05867041 1.33095
14.8788 0.05873458 0.8739
9.33092 0.05876055 0.54829
16.4514 0.05880655 0.96745
6.99498 0.05880717 0.411355
15.3947 0.05888065 0.90645
7.53043 0.05906037 0.44475
19.9097 0.05907171 1.1761
8.83103 0.05918902 0.5227
10.0653 0.05921334 0.596
9.92641 0.05925556 0.588195
12.4047 0.0593122 0.73575
123.022 0.05931866 7.2975
40.5298 0.05933289 2.40475
277.191 0.05934716 16.4505
9.36472 0.05940274 0.55629
18.0428 0.0594032 1.0718
86.785 0.05942502 5.1572
9.89869 0.05946292 0.588605
11.7934 0.05947818 0.70145
37.4981 0.05950435 2.2313
142.444 0.05952515 8.479
5.82628 0.05955258 0.34697
10.9618 0.05958875 0.6532
6.28786 0.05961488 0.37485
23.0879 0.0596373 1.3769
12.438 0.05968805 0.7424
34.4566 0.05971715 2.05765
23.9408 0.05972649 1.4299
9.17607 0.05978213 0.548565
12.0936 0.05981676 0.7234
197.546 0.05990503 11.834
5.65259 0.05992651 0.33874
7.43042 0.06001007 0.4459
12.1857 0.06003759 0.7316
9.7037 0.06007502 0.58295
10.6947 0.06012791 0.64305
26.4152 0.0602229 1.5908
21.9518 0.06025018 1.3226
9.85581 0.06027866 0.594095
26.2084 0.060307 1.58055
64.5283 0.06040373 3.89775
17.8513 0.06041297 1.07845
4.31097 0.06068472 0.26161
26.4193 0.06069805 1.6036
8.53486 0.06075964 0.518575
16.4857 0.06082241 1.0027
2.913 0.06092688 0.17748
681.8 0.06094309 41.551
28.3384 0.06096851 1.72775
14.0362 0.06099585 0.85615
24.2838 0.06100157 1.48135
28.2989 0.06110485 1.7292
7.49581 0.06111414 0.4581
8.67332 0.06117381 0.53058
8.20698 0.0611973 0.502245
16.7275 0.06121955 1.02405
23.7068 0.06126934 1.4525
8.51059 0.06133124 0.521965
120.965 0.06138139 7.425
54.2736 0.06138804 3.33175
5.18434 0.0614543 0.3186
417.572 0.06146245 25.665
5.72668 0.06146668 0.352
18.0865 0.06148232 1.112
33.3442 0.06148296 2.0501
9.6171 0.06148423 0.5913
12.6804 0.06148465 0.77965
13.9819 0.06149021 0.85975
14.7833 0.06151198 0.90935
25.5538 0.06159945 1.5741
861.327 0.06166822 53.1165
6.93471 0.06168535 0.42777
4.27878 0.06175125 0.26422
7.17327 0.06185045 0.44367
10.3814 0.06186064 0.6422
32.5273 0.0618834 2.0129
13.5967 0.06198563 0.8428
7.53551 0.06198651 0.4671
23.3059 0.06205081 1.44615
11.3204 0.06206053 0.70255
6.48816 0.06207923 0.40278
116.686 0.06218398 7.256
11.7734 0.06219529 0.73225
33.9983 0.06220017 2.1147
20.9243 0.0622028 1.30155
12.3993 0.06224948 0.77185
30.114 0.0622551 1.87475
15.7845 0.06226361 0.9828
63.6878 0.06229372 3.96735
30.5681 0.06232478 1.90515
30.6704 0.06232556 1.91155
8.48258 0.0623519 0.528905
13.1311 0.06242051 0.81965
25.8119 0.06243826 1.61165
90.446 0.0624461 5.648
11.133 0.06244947 0.69525
17.9501 0.06245369 1.12105
10.5258 0.06250831 0.65795
10.7394 0.06253143 0.67155
10.6034 0.06253654 0.6631
56.9832 0.06255001 3.5643
14.8263 0.06258473 0.9279
8.25452 0.06264204 0.51708
16.5992 0.06273495 1.04135
13.6604 0.06279099 0.85775
5.75295 0.06286166 0.36164
10.4222 0.06296175 0.6562
7.53628 0.06298267 0.474655
35.8339 0.06303668 2.25885
8.40566 0.06306762 0.530125
34.3753 0.06308163 2.16845
79.1383 0.06309271 4.99305
16.3225 0.06312452 1.03035
24.7007 0.06318647 1.56075
15.2707 0.06319291 0.965
38.1322 0.06324969 2.41185
10.5091 0.06325946 0.6648
17.5752 0.06327666 1.1121
2.91444 0.06341355 0.184815
12.8015 0.06342616 0.81195
3.17715 0.06346883 0.20165
28.4318 0.06346943 1.80455
125.399 0.06348535 7.961
176.618 0.06350712 11.2165
7.1742 0.06353113 0.455785
14.0906 0.06358139 0.8959
5.10135 0.06363022 0.3246
31.8357 0.06365495 2.0265
7.54367 0.06366994 0.480305
14.1511 0.0636947 0.90135
17.0499 0.06376284 1.08715
15.1444 0.06404678 0.96995
12.3508 0.06406063 0.7912
12.0484 0.0641164 0.7725
28.6059 0.06418781 1.83615
11.1098 0.06433059 0.7147
26.1305 0.06446872 1.6846
4.78284 0.06447738 0.308385
8.74921 0.06452068 0.564505
10.3864 0.06458446 0.6708
35.0704 0.06462572 2.26645
6.26726 0.0646742 0.40533
15.9721 0.06468467 1.03315
9.1432 0.06470929 0.59165
25.4249 0.06472002 1.6455
41.5525 0.06472775 2.6896
15.9265 0.06475371 1.0313
5.92017 0.06480642 0.383665
12.8592 0.06481741 0.8335
8.75822 0.06483509 0.56784
4.92582 0.06485519 0.319465
27.4349 0.06492096 1.7811
8.74523 0.06493654 0.567885
12.7249 0.0650064 0.8272
3.23683 0.0650961 0.210705
29.8416 0.06510877 1.94295
10.2616 0.06519451 0.669
805.262 0.0652564 52.5485
80.769 0.06535738 5.27885
7.71478 0.0653797 0.50439
15.8309 0.06551428 1.03715
25.6555 0.06551812 1.6809
6.34047 0.06554325 0.415575
26.5871 0.0656653 1.74585
14.0702 0.06575244 0.92515
44.8259 0.06578563 2.9489
6.23669 0.06590756 0.411045
7.11623 0.06593238 0.46919
13.1909 0.0659394 0.8698
11.5555 0.06597724 0.7624
9.9957 0.06599838 0.6597
6.64382 0.06601624 0.4386
3.68795 0.06602584 0.2435
8.98312 0.06602828 0.59314
9.17316 0.06606993 0.60607
5.16815 0.06616875 0.34197
142.8 0.06629552 9.467
8.1347 0.06633865 0.539645
19.0282 0.06636203 1.26275
512.073 0.06642608 34.015
8.66581 0.06642657 0.57564
12.8689 0.06643925 0.855
4.75591 0.06644154 0.31599
24.8471 0.0664484 1.65105
9.44967 0.06657005 0.629065
8.4483 0.06657552 0.56245
5.0878 0.06657887 0.33874
22.6796 0.06666564 1.51195
17.2986 0.0666817 1.1535
4.47349 0.06668954 0.298335
20.9778 0.06681587 1.40165
16.8238 0.06686658 1.12495
23.4005 0.06687678 1.56495
12.7881 0.0669255 0.85585
2.28043 0.06696983 0.15272
222.843 0.0670113 14.933
6.95902 0.06710571 0.46699
3.69899 0.06712102 0.24828
20.8981 0.06714965 1.4033
219.428 0.06715187 14.735
78.7202 0.06715811 5.2867
33.0412 0.0671843 2.21985
8.26336 0.06725835 0.55578
9.0067 0.06728324 0.606
464.215 0.0672921 31.238
2.98545 0.06734328 0.20105
8.17765 0.06746987 0.551745
7.89129 0.06756183 0.53315
19.9181 0.06758175 1.3461
14.2182 0.06759646 0.9611
9.5275 0.06759906 0.64405
69.6953 0.06759925 4.71135
7.26482 0.06761351 0.4912
110.531 0.06763713 7.476
12.7009 0.06769599 0.8598
143.519 0.06772274 9.7195
13.7956 0.06773174 0.9344
5.84467 0.06774805 0.395965
9.93073 0.06777296 0.673035
25.0643 0.06783154 1.70015
18.7221 0.06789302 1.2711
113.669 0.06796488 7.7255
21.0606 0.06797052 1.4315
42.4706 0.06799174 2.88765
3.22794 0.06808057 0.21976
15.0631 0.06818318 1.02705
9.39557 0.06818799 0.640665
6.4458 0.0682072 0.43965
7.94538 0.06825539 0.542315
30.8902 0.06826113 2.1086
48.8967 0.06834306 3.34175
9.64149 0.06835614 0.659055
31.5268 0.06840212 2.1565
5.73027 0.06845576 0.39227
2.00335 0.06852272 0.137275
6.507 0.06854541 0.446025
13.3355 0.06863635 0.9153
17.6849 0.06864048 1.2139
13.0203 0.06864665 0.8938
9.6179 0.06867923 0.66055
33.3257 0.06875324 2.29125
13.7766 0.06876515 0.94735
117.367 0.06880128 8.075
5.00288 0.06884135 0.344405
29.5035 0.06890199 2.03285
24.5344 0.06890733 1.6906
5.00745 0.06894427 0.345235
17.4728 0.06912172 1.20775
24.7129 0.069314 1.71295
6.92026 0.06933193 0.479795
58.5219 0.06933302 4.0575
11.3439 0.06934123 0.7866
28.922 0.06947307 2.0093
2.36232 0.06953546 0.164265
33.5619 0.06962657 2.3368
4.86928 0.06964069 0.3391
17.4089 0.06965403 1.2126
4.50837 0.06969148 0.314195
10.9813 0.06969576 0.76535
18.8101 0.06975508 1.3121
6.01409 0.06983517 0.419995
22.3131 0.06987151 1.55905
9.91047 0.06994774 0.693215
7.94432 0.07010355 0.556925
9.47154 0.07012904 0.66423
5.19645 0.07019407 0.36476
17.6157 0.07024132 1.23735
66.5557 0.07025694 4.676
27.2532 0.07037155 1.91785
7.11243 0.07040983 0.500785
8.42002 0.07048677 0.5935
35.2995 0.07048967 2.48825
27.0079 0.070509 1.9043
90.6088 0.07059579 6.3966
6.98836 0.07059668 0.493355
5.45503 0.07072555 0.38581
45.2737 0.07072649 3.20205
39.3058 0.07078217 2.78215
240.464 0.07078606 17.0215
3.05214 0.07085684 0.216265
169.207 0.07096633 12.008
5.52648 0.07103437 0.39257
13.4581 0.07107987 0.9566
9.85167 0.0711722 0.701165
4.56914 0.07119173 0.325285
29.557 0.07126062 2.10625
9.04943 0.07126802 0.644935
6.13837 0.0712901 0.437605
14.0695 0.07134582 1.0038
99.8952 0.07134877 7.1274
16.4398 0.07138165 1.1735
8.30031 0.07150576 0.59352
27.3648 0.07152254 1.9572
4.52066 0.07158026 0.32359
5.05766 0.07161019 0.36218
15.4358 0.07161274 1.1054
11.4493 0.07167687 0.82065
33.4695 0.07175488 2.4016
13.9111 0.07180237 0.99885
17.6776 0.07192153 1.2714
5.32112 0.07196793 0.38295
7.94288 0.07198397 0.57176
43.6305 0.07202645 3.14255
19.3204 0.07207667 1.39255
4.75454 0.07212159 0.342905
17.2628 0.07213778 1.2453
20.8355 0.07218209 1.50395
6.78061 0.07223686 0.48981
41.4853 0.07224125 2.99695
13.0655 0.07235467 0.94535
44.8133 0.07237137 3.2432
30.6664 0.07242454 2.221
3.14453 0.07244008 0.22779
15.6648 0.0724714 1.13525
22.046 0.0725347 1.5991
6.17884 0.07278713 0.44974
9.51534 0.07285394 0.69323
9.15283 0.07285561 0.666835
11.7638 0.07287611 0.8573
12.4065 0.07300206 0.9057
139.411 0.07303226 10.1815
9.48289 0.07314279 0.693605
10.7678 0.07315793 0.78775
102.805 0.07321142 7.5265
6.08962 0.07324184 0.446015
31.3928 0.07327954 2.30045
7.3932 0.07330385 0.54195
30.7997 0.07337734 2.26
20.0893 0.07339479 1.47445
15.7182 0.07341489 1.15395
16.3966 0.0734573 1.20445
10.1403 0.07346923 0.745
2.85556 0.0734742 0.20981
7.58494 0.07352201 0.55766
12.8502 0.07357084 0.9454
5.02553 0.07370964 0.37043
15.7414 0.07381173 1.1619
5.39688 0.07384637 0.39854
13.7535 0.07385029 1.0157
45.1313 0.07390436 3.3354
4.45683 0.07398981 0.32976
88.668 0.0740346 6.5645
7.99033 0.07404262 0.591625
4.13291 0.07404952 0.30604
102.84 0.07405679 7.616
8.66671 0.07415848 0.64271
5.06072 0.07422462 0.37563
6.23291 0.07428874 0.463035
17.505 0.07436161 1.3017
5.60765 0.07437251 0.417055
22.0911 0.07441685 1.64395
14.6839 0.07448294 1.0937
12.4448 0.07448894 0.927
7.21858 0.07451396 0.537885
17.9726 0.07452177 1.33935
16.2002 0.0746071 1.20865
16.2692 0.07461953 1.214
5.83324 0.07461977 0.435275
7.16381 0.07463207 0.53465
5.198 0.07474413 0.38852
8.6259 0.07481944 0.645385
8.46303 0.07490698 0.63394
9.26468 0.07499018 0.69476
19.3766 0.07503638 1.45395
5.62006 0.07505347 0.421805
6.87885 0.07509031 0.516535
11.3164 0.07514757 0.8504
6.87978 0.07516156 0.517095
49.5083 0.07518739 3.7224
17.5349 0.07520716 1.31875
31.1985 0.07523118 2.3471
15.5251 0.07523301 1.168
4.09691 0.07523597 0.308235
3.28364 0.07526404 0.24714
8.4205 0.0753631 0.634595
67.2677 0.07540766 5.0725
5.46433 0.07547037 0.412395
3.68292 0.07548358 0.278
21.1717 0.07562454 1.6011
1.44223 0.07564327 0.109095
13.1151 0.0756685 0.9924
75.5046 0.07571658 5.71695
40.1052 0.07581062 3.0404
8.61613 0.07588848 0.653865
21.4222 0.0759119 1.6262
15.5267 0.07597558 1.17965
6.69474 0.07602386 0.50896
6.95022 0.07608536 0.52881
10.2333 0.0761338 0.7791
5.58399 0.07623133 0.425675
4.72345 0.07628958 0.36035
54.3517 0.07644839 4.1551
3.40757 0.07646358 0.260555
3.81105 0.07652615 0.291645
10.5111 0.07653338 0.80445
13.7969 0.07653531 1.05595
3.09783 0.07654713 0.23713
9.27895 0.0766493 0.711225
9.1385 0.07680144 0.70185
10.1075 0.07681425 0.7764
9.74298 0.07685123 0.74876
5.96828 0.07686302 0.45874
10.8638 0.07686997 0.8351
5.7455 0.07688452 0.44174
3.5193 0.0769045 0.27065
9.44057 0.07699376 0.726865
7.26669 0.07699448 0.559495
30.5104 0.07710977 2.35265
12.0491 0.07722154 0.93045
2.96234 0.0772278 0.228775
5.21499 0.0773827 0.40355
108.338 0.07742436 8.388
27.6474 0.077425 2.1406
6.01998 0.07770042 0.467755
9.06344 0.0777718 0.70488
6.20269 0.07778641 0.482485
4.60225 0.07787387 0.358395
7.95477 0.07792557 0.61988
131.637 0.07794161 10.26
13.4231 0.07795144 1.04635
4.24317 0.07803835 0.33113
3.68277 0.07821015 0.28803
17.3196 0.07822929 1.3549
756.9 0.07853481 59.443
8.56001 0.07858694 0.672705
3.68729 0.07859024 0.289785
4.0798 0.07875999 0.321325
32.2742 0.07879978 2.5432
8.99272 0.07888492 0.70939
5.13145 0.07893773 0.405065
51.1107 0.07901085 4.0383
4.626 0.07906939 0.365775
4.98847 0.07907234 0.39445
4.06134 0.07918938 0.321615
7.38352 0.0792454 0.58511
17.5257 0.07941766 1.39185
6.44222 0.07947183 0.511975
4.06603 0.07949646 0.323235
12.0142 0.0795517 0.95575
8.59581 0.07970453 0.685125
3.51724 0.07972586 0.280415
21.5222 0.07975486 1.7165
23.7665 0.07975512 1.8955
15.8955 0.0797773 1.2681
84.0751 0.07982566 6.71135
30.3093 0.07984843 2.42015
46.1252 0.0798544 3.6833
31.9542 0.07998792 2.55595
155.749 0.08000051 12.46
7.00437 0.08000077 0.560355
75.3503 0.08006803 6.03315
17.2255 0.08007315 1.3793
11.2829 0.08009023 0.90365
17.2965 0.08009713 1.3854
1.26718 0.08014647 0.10156
2.91949 0.08021778 0.234195
2.45663 0.0802339 0.197105
10.5111 0.08030558 0.8441
16.1526 0.08030596 1.29715
5.44151 0.08033064 0.43712
2.94502 0.08034411 0.236615
8.25817 0.08034892 0.663535
10.2 0.08036765 0.81975
8.03647 0.08047128 0.646705
24.6517 0.08052386 1.98505
9.29765 0.08053379 0.748775
8.15268 0.08053548 0.65658
414.232 0.08056234 33.3715
3.87686 0.08058068 0.3124
9.79144 0.08066536 0.78983
6.90297 0.08068846 0.55699
4.51874 0.08069285 0.36463
4.12024 0.0809164 0.333395
6.60307 0.08109334 0.535465
2.75858 0.08138789 0.224515
5.47002 0.08140738 0.4453
6.50923 0.08149889 0.530495
15.0207 0.08160405 1.22575
3.36543 0.08167158 0.27486
8.51358 0.08176936 0.69615
11.1135 0.08181941 0.9093
5.35585 0.08185069 0.43838
28.6767 0.08194981 2.35005
13.1775 0.082011 1.0807
6.82193 0.08201711 0.559515
5.23888 0.08202898 0.42974
14.2667 0.08205121 1.1706
6.6762 0.08217998 0.54865
16.6691 0.082215 1.37045
2.61344 0.08222113 0.21488
4.73829 0.08224064 0.38968
3.36218 0.08227103 0.27661
33.9738 0.08227222 2.7951
4.62202 0.08238389 0.38078
8.66761 0.08240968 0.714295
1.81052 0.08247907 0.14933
7.7897 0.08248777 0.642555
542.545 0.08252956 44.776
13.3467 0.08256723 1.102
12.7287 0.08287963 1.05495
18.5703 0.08287965 1.5391
9.02292 0.08290443 0.74804
34.8418 0.08292913 2.8894
9.09173 0.08296386 0.754285
15.9126 0.08297513 1.32035
1.46086 0.08299563 0.121245
34.7201 0.08301099 2.88215
3.64294 0.08312242 0.30281
7.88492 0.08313718 0.65553
42.0049 0.08314744 3.4926
55.279 0.0831853 4.5984
9.40592 0.08325501 0.78309
19.6107 0.08326577 1.6329
6.19557 0.08333212 0.51629
13.7479 0.08334727 1.14585
7.22793 0.08348379 0.603415
4.91509 0.08350915 0.410455
18.3652 0.08354932 1.5344
4.07365 0.0835872 0.340505
2.87639 0.08361696 0.240515
32.1676 0.08362607 2.69005
4.94587 0.08373249 0.41413
3.34799 0.08382642 0.28065
19.7548 0.08391125 1.65765
5.93495 0.083951 0.498245
1.22855 0.08397705 0.10317
6.54378 0.08405157 0.550015
1291.14 0.08412721 108.62
3.89053 0.0841672 0.327455
2.49514 0.08432393 0.2104
5.52886 0.08433022 0.46625
4.0841 0.08434539 0.344475
3.64246 0.08435782 0.30727
5.79094 0.08443189 0.48894
5.68412 0.08452496 0.48045
6.41329 0.08458763 0.542485
5.98736 0.0845907 0.506475
8.09975 0.08459459 0.685195
11.5752 0.08466808 0.98005
8.45031 0.08477855 0.716405
3.89793 0.08482836 0.330655
156.405 0.08490457 13.2795
16.3873 0.08492552 1.3917
12.4883 0.0849315 1.06065
5.44806 0.08511654 0.46372
4.18758 0.0851339 0.356505
7.6287 0.08513639 0.64948
7.54812 0.08513643 0.64262
1.69318 0.08515929 0.14419
4.33523 0.0851881 0.36931
21.0017 0.08532643 1.792
1.03071 0.08532953 0.08795
6.02554 0.08539235 0.514535
15.2251 0.08550026 1.30175
2.85516 0.08550309 0.244125
36.0933 0.08553527 3.08725
18.4025 0.08554273 1.5742
2.92183 0.08555768 0.249985
6.12771 0.08567311 0.52498
4.32082 0.0856805 0.37021
12.412 0.08570335 1.06375
29.5903 0.08577135 2.538
12.3003 0.08589628 1.05655
4.96724 0.08589982 0.426685
10.8115 0.0859224 0.92895
36.9983 0.08602422 3.18275
8.35871 0.08605574 0.719315
5.65135 0.08606439 0.48638
10.4968 0.08611196 0.9039
3.94945 0.08611452 0.340105
7.50627 0.08613932 0.646585
3.29248 0.08616453 0.283695
3.04377 0.08619245 0.26235
2.55661 0.08623529 0.22047
3.99715 0.08625271 0.344765
10.1896 0.08629878 0.87935
3.66726 0.08633012 0.316595
4.78456 0.08636949 0.41324
21.7924 0.08640168 1.8829
5.99984 0.0864098 0.518445
2.1543 0.08645964 0.18626
8.78406 0.0864771 0.75962
4.85487 0.08653682 0.420125
3.3262 0.08667849 0.28831
58.9592 0.08674643 5.1145
5.60509 0.0867863 0.486445
5.6008 0.08692687 0.48686
4.99699 0.08707942 0.435135
3.26737 0.08713277 0.284695
6.72789 0.08744049 0.58829
2.38543 0.0875251 0.208785
8.5343 0.0875643 0.7473
33.9615 0.08771697 2.979
1.9762 0.08778211 0.173475
5.20834 0.08780821 0.457335
4.30446 0.08790301 0.378375
5.1766 0.08791195 0.455085
6.8933 0.08792668 0.606105
9.20591 0.08794839 0.809645
519.792 0.08797173 45.727
20.2824 0.08799501 1.78475
3.76494 0.08802796 0.33142
9.22879 0.08802942 0.812405
7.93594 0.08803746 0.69866
24.0183 0.08804537 2.1147
2.53625 0.08820897 0.22372
2.68824 0.08834777 0.2375
3.75173 0.08842721 0.331755
2.86549 0.0885154 0.25364
4.43413 0.08861829 0.392945
3.15459 0.08862166 0.279565
5.63347 0.0886443 0.499375
2.39089 0.08864481 0.21194
5.18218 0.08869819 0.45965
17.098 0.08871798 1.5169
22.1614 0.08885495 1.96915
9.56766 0.08890053 0.85057
4.76498 0.08890908 0.42365
1.91905 0.088919 0.17064
4.39275 0.08896705 0.39081
8.03373 0.0890371 0.7153
3.58819 0.08903793 0.319485
17.066 0.08905426 1.5198
8.94771 0.08908369 0.797095
33.2069 0.08920435 2.9622
9.78653 0.08921293 0.873085
25.6005 0.0892756 2.2855
2.35719 0.08932458 0.210555
7.06093 0.08936641 0.63101
37.6237 0.08939179 3.36325
4.96099 0.08944586 0.44374
34.8048 0.08952932 3.11605
2.85364 0.08954003 0.255515
15.4537 0.08957078 1.3842
4.76161 0.08959155 0.4266
3.03068 0.08962675 0.27163
9.75901 0.08964997 0.874895
3.40153 0.08968758 0.305075
4.70799 0.08982177 0.42288
2.92971 0.08993211 0.263475
3.28611 0.0900046 0.295765
37.7197 0.09006434 3.3972
6.20078 0.0900798 0.558565
8.21044 0.09009079 0.739685
3.88406 0.09015952 0.350185
4.09622 0.0901746 0.369375
5.66301 0.09035036 0.511655
8.03748 0.09039649 0.72656
16.7185 0.0905135 1.51325
8.61059 0.09055767 0.779755
4.37389 0.09058984 0.39623
7.54565 0.09061313 0.683735
5.21974 0.09065873 0.473215
28.2939 0.09066088 2.56515
8.6858 0.09078035 0.7885
4.41474 0.09080716 0.40089
13.9375 0.09081256 1.2657
20.929 0.09089541 1.90235
5.65421 0.09095347 0.51427
3.80931 0.09099286 0.34662
50.8036 0.09111461 4.62895
4.03876 0.09131268 0.36879
3.98256 0.09135832 0.36384
22.8815 0.09139917 2.09135
1.41076 0.09141527 0.128965
4.07941 0.09150098 0.37327
6.82395 0.09156207 0.624815
4.0243 0.09160972 0.368665
6.46811 0.09171613 0.59323
3.29387 0.09182967 0.302475
3.5118 0.09197278 0.32299
810.641 0.09204568 74.616
2.755 0.09205989 0.253625
5.5468 0.09206479 0.510665
4.74785 0.09221332 0.437815
11.1824 0.09228788 1.032
15.6753 0.09231721 1.4471
2.89248 0.09252614 0.26763
7.0258 0.09258519 0.650485
3.68243 0.09262226 0.341075
27.5429 0.09274622 2.5545
9.83691 0.09274711 0.912345
11.3063 0.09279782 1.0492
4.24379 0.09280384 0.39384
10.7838 0.09285688 1.00135
64.4386 0.09286592 5.98415
3.71426 0.09289064 0.34502
3.91559 0.09289532 0.36374
3.8104 0.09290626 0.35401
10.7784 0.09301937 1.0026
3.01695 0.09344371 0.281915
19.9514 0.09345209 1.8645
22.9109 0.09349262 2.142
8.37441 0.09354629 0.783395
6.5481 0.09354775 0.61256
19.8809 0.09375079 1.86385
2.31899 0.09387276 0.21769
8.20652 0.09387292 0.77037
2.96598 0.09387622 0.278435
8.22052 0.09387727 0.77172
5.29814 0.09390277 0.49751
1.80621 0.09395364 0.1697
37.4729 0.09398258 3.5218
13.2995 0.09401105 1.2503
2.87851 0.09401565 0.270625
10.8723 0.09406013 1.02265
6.1158 0.09423461 0.57632
9.98104 0.09424168 0.94063
35.8225 0.09431503 3.3786
2.11495 0.09432374 0.19949
5.65449 0.09433654 0.533425
4.38083 0.09440448 0.41357
7.12298 0.09441765 0.672535
26.7663 0.09442471 2.5274
12.2145 0.09445331 1.1537
17.4571 0.09447445 1.64925
14.6782 0.09453135 1.38755
1.77196 0.09465789 0.16773
7.19491 0.09476491 0.681825
3.3478 0.09486528 0.31759
27.4213 0.09495538 2.6038
4.0365 0.09507866 0.383785
2.57414 0.09509584 0.24479
3.48083 0.09511525 0.33108
3.61972 0.09512752 0.344335
22.0703 0.0951437 2.09985
5.49889 0.09520376 0.523515
2.02873 0.09527636 0.19329
3.05312 0.09542861 0.291355
2.02719 0.09554605 0.19369
1.43906 0.09557628 0.13754
12.7032 0.09557828 1.21415
9.30974 0.09558591 0.88988
3.48407 0.09568407 0.33337
3.69889 0.09578009 0.35428
2.5801 0.09580636 0.24719
4.11228 0.09580938 0.393995
7.8152 0.09583312 0.748955
8.7779 0.09586006 0.84145
2.97156 0.09590754 0.284995
4.21542 0.09594418 0.404445
11.3931 0.0961108 1.095
587.238 0.09618502 56.4835
2.71089 0.09640192 0.261335
1.36598 0.09645822 0.13176
69.8661 0.096715 6.7571
9.31926 0.0967212 0.90137
8.89204 0.09684279 0.86113
5.53462 0.09687838 0.536185
1.95623 0.09695435 0.189665
4.31756 0.09696449 0.41865
21.8023 0.09703563 2.1156
33.2543 0.09704008 3.227
3.42613 0.09720151 0.333025
10.5168 0.09737753 1.0241
2.46429 0.09755954 0.240415
3.9153 0.09761576 0.382195
13.2175 0.09763193 1.29045
5.90607 0.09764446 0.576695
10.9854 0.09766144 1.07285
4.02521 0.09768931 0.39322
5.55292 0.09770715 0.54256
2.38379 0.0978358 0.23322
9.83864 0.09784686 0.96268
11.6316 0.09790571 1.1388
1.9138 0.09811631 0.187775
6.82912 0.09814002 0.67021
3.15226 0.09820573 0.30957
15.201 0.09827972 1.49395
5.18282 0.09839528 0.509965
3.55083 0.09841783 0.349465
2.16361 0.09844889 0.213005
21.6087 0.09883288 2.13565
4.25813 0.09886852 0.420995
2.82288 0.09890608 0.2792
12.9613 0.09893298 1.2823
5.0528 0.09902826 0.50037
2.87532 0.09911766 0.284995
9.11005 0.09912953 0.903075
12.7259 0.09920713 1.2625
16.8073 0.09920987 1.66745
9.63627 0.09925677 0.956465
9.61824 0.09928844 0.95498
6.31937 0.09935168 0.62784
5.93544 0.09942481 0.59013
4.96476 0.09953955 0.49419
6.54443 0.09968477 0.65238
4.49973 0.09971154 0.448675
4.37624 0.1000425 0.43781
3.21949 0.1001556 0.32245
10.1947 0.1002629 1.02215
4.40687 0.1002832 0.441935
3.28398 0.1003051 0.3294
5.61095 0.1004277 0.563495
6.3528 0.1004895 0.63839
12.4805 0.1008053 1.2581
17.1389 0.100867 1.72875
29.0642 0.1008836 2.9321
3.82882 0.1010285 0.38682
5.50276 0.1011947 0.55685
6.47006 0.1012541 0.65512
2.68722 0.1013613 0.27238
2.04804 0.1014409 0.207755
7.13681 0.1014753 0.72421
6.43847 0.1016507 0.654475
8.10592 0.1017213 0.824545
8.27482 0.1017678 0.84211
9.3903 0.1017912 0.95585
3.0086 0.1018397 0.306395
4.05635 0.1018527 0.41315
3.52293 0.1020628 0.35956
15.5634 0.1022656 1.5916
2.59116 0.1022804 0.265025
3.55073 0.1023071 0.363265
35.9661 0.1023102 3.6797
45.2836 0.1024587 4.6397
3.33551 0.1025091 0.34192
11.1139 0.1025653 1.1399
7.0625 0.1025664 0.724375
25.9302 0.1025812 2.65995
2.8719 0.1026133 0.294695
467.684 0.1026494 48.0075
3.39453 0.1026519 0.348455
9.32684 0.102739 0.95823
32.3167 0.1027472 3.32045
5.2839 0.1027546 0.542945
5.16582 0.1027756 0.53092
7.38101 0.102822 0.75893
2.72679 0.1029342 0.28068
5.7014 0.1029405 0.586905
2.54624 0.1030264 0.26233
4.84204 0.1030547 0.498995
4.10431 0.1031538 0.423375
4.41224 0.1033489 0.456
23.5407 0.103355 2.43305
3.29023 0.1035551 0.34072
8.86422 0.103612 0.91844
4.78757 0.1037113 0.496525
15.137 0.1037128 1.5699
4.41863 0.1037301 0.458345
1.96598 0.1038363 0.20414
14.5688 0.1038452 1.5129
6.65263 0.1038529 0.690895
3.13837 0.1040046 0.326405
3.17195 0.1042088 0.330545
6.10238 0.1043191 0.636595
3.06892 0.10447 0.32061
612.034 0.1044852 63.9485
4.72853 0.104505 0.494155
10.7484 0.1045923 1.1242
5.08242 0.1046037 0.53164
6.03742 0.1046068 0.631555
3.9469 0.1050204 0.414505
2.72452 0.1051451 0.28647
8.74558 0.1051743 0.91981
22.1066 0.1053102 2.32805
1.35846 0.1054834 0.143295
1.77311 0.1055377 0.18713
6.76178 0.1056319 0.71426
8.32388 0.1056611 0.87951
1.7618 0.1056703 0.18617
10.3643 0.1057138 1.09565
2.86997 0.1058687 0.30384
2.00573 0.106101 0.21281
1.69619 0.1061644 0.180075
1.43229 0.1063088 0.152265
1.67265 0.1064987 0.178135
3.97987 0.1065022 0.423865
2.4764 0.1066124 0.264015
5.19074 0.1066177 0.553425
27.3989 0.1066484 2.92205
17.493 0.1066569 1.86575
2.23072 0.1068601 0.238375
2.03891 0.1068733 0.217905
3.47061 0.1070129 0.3714
1.26459 0.1070861 0.13542
8.23951 0.1072388 0.883595
4.22977 0.1074479 0.45448
1.85769 0.1074749 0.199655
20.2228 0.1075717 2.1754
6.25904 0.1076443 0.67375
13.9114 0.1076599 1.4977
2.7437 0.1076703 0.295415
9.83967 0.1076982 1.059715
3.19071 0.1076986 0.343635
7.43109 0.107711 0.80041
3.66574 0.1077586 0.395015
5.01608 0.1077644 0.540555
66.6534 0.1078692 7.18985
2.58941 0.1079145 0.279435
1.7599 0.1081283 0.190295
9.67305 0.1082673 1.047275
3.13847 0.1082932 0.339875
12.7916 0.1085204 1.38815
3.11403 0.1088316 0.338905
4.43697 0.1090237 0.483735
2.67725 0.1091381 0.29219
6.95926 0.1091553 0.75964
7.33126 0.1091879 0.800485
11.4027 0.1091934 1.2451
3.0207 0.10942 0.330525
4.28352 0.1094894 0.469
3.56203 0.1095639 0.39027
8.25396 0.1095983 0.90462
1.89703 0.1096846 0.208075
6.88207 0.1096966 0.75494
9.85983 0.1099801 1.084385
6.49751 0.1101522 0.715715
27.8225 0.1102201 3.0666
7.15992 0.1103085 0.7898
4.52215 0.1103855 0.49918
12.9176 0.1107133 1.43015
13.2399 0.1108656 1.46785
2.95926 0.1110768 0.328705
9.62478 0.1111101 1.06941
6.17955 0.1111319 0.686745
6.33911 0.1112704 0.705355
12.7088 0.1113756 1.41545
2.91434 0.1115793 0.32518
9.05221 0.1116794 1.010945
7.80029 0.1117183 0.871435
11.7632 0.1118616 1.31585
2.74207 0.1119045 0.30685
3.72866 0.1119075 0.417265
2.67408 0.1120292 0.299575
2.16993 0.1120958 0.24324
15.1417 0.1121043 1.69745
8.48451 0.1121273 0.951345
3.33078 0.1121419 0.37352
3.01214 0.1121561 0.33783
85.5238 0.11235 9.6086
3.1279 0.112478 0.35182
1.95483 0.1124829 0.219885
9.54521 0.1126005 1.074795
2.31608 0.1126364 0.260875
2.24129 0.112761 0.25273
3.93703 0.1129036 0.444505
16.7467 0.1129417 1.8914
3.35537 0.1129726 0.379065
4.35507 0.113082 0.49248
11.4905 0.1132022 1.30075
5.89184 0.1132159 0.66705
39.2893 0.1133617 4.4539
2.72414 0.1133624 0.308815
4.26721 0.1133914 0.483865
1.89386 0.1134218 0.214805
4.1888 0.1135922 0.475815
5.85807 0.1136979 0.66605
2.40401 0.1138327 0.273655
3.75456 0.1139787 0.42794
4.63414 0.114019 0.52838
7.50068 0.114215 0.85669
184.078 0.1142288 21.027
5.58368 0.1142929 0.638175
5.88498 0.1144269 0.6734
14.6683 0.1144748 1.67915
2.91204 0.1146928 0.33399
3.23552 0.1148023 0.371445
7.19964 0.1148405 0.82681
2.59106 0.1149973 0.297965
5.36887 0.1150978 0.617945
6.09003 0.1154666 0.703195
2.17154 0.1155401 0.2509
2.24782 0.1155964 0.25984
2.3196 0.115673 0.268315
9.95925 0.1159751 1.155025
1.51832 0.1161547 0.17636
7.12613 0.116378 0.829325
2.71613 0.1164598 0.31632
6.28499 0.1165221 0.73234
2.30846 0.1165712 0.2691
13.252 0.1167296 1.5469
50.3323 0.1168882 5.88325
16.7857 0.1169001 1.96225
3.51503 0.1169549 0.4111
1.81033 0.1170864 0.211965
4.0982 0.1173015 0.480725
0.506636 0.1175134 0.0595365
2.56157 0.1175705 0.301165
1.67179 0.1177181 0.1968
3.86863 0.1178957 0.456095
4.73427 0.1179084 0.55821
2.9238 0.1180365 0.345115
3.40002 0.1180758 0.40146
2.35788 0.1181379 0.278555
1.04468 0.1183137 0.1236
2.47139 0.1183383 0.29246
3.7566 0.1183597 0.44463
5.48044 0.1186292 0.65014
3.37418 0.1186496 0.400345
2.44 0.1187336 0.28971
4.09193 0.1191504 0.487555
3.61145 0.1191654 0.43036
12.1874 0.1191928 1.45265
9.66225 0.119483 1.154475
3.97859 0.1194946 0.47542
6.5746 0.1196362 0.78656
1.67392 0.1196563 0.200295
14.8811 0.1199273 1.78465
4.53392 0.1199514 0.54385
1.46501 0.1199685 0.175755
2.48648 0.1200995 0.298625
7.65292 0.1201091 0.919185
7.50175 0.120128 0.90117
3.31809 0.1201309 0.398605
24.3248 0.120149 2.9226
11.459 0.1203377 1.37895
7.03426 0.1204611 0.847355
4.18356 0.1204668 0.50398
1.01217 0.1204936 0.12196
1.76227 0.1205037 0.21236
7.54843 0.1205741 0.910145
3.37392 0.1206193 0.40696
2.82429 0.1206852 0.34085
2.19571 0.1208129 0.26527
2.61494 0.1211538 0.31681
3.85123 0.1213015 0.46716
7.71819 0.1216736 0.9391
7.17575 0.1217873 0.873915
2.58119 0.1218663 0.31456
2.53914 0.1218995 0.30952
6.85348 0.1219344 0.835675
1.99262 0.12195 0.243
11.6252 0.1219721 1.41795
8.15321 0.1221047 0.995545
1.59696 0.1222041 0.195155
5.57001 0.1222242 0.68079
1.97093 0.1223027 0.24105
20.3498 0.1223575 2.48995
5.68825 0.1224313 0.69642
2.83962 0.1224741 0.34778
1.26101 0.1225526 0.15454
3.20011 0.1228458 0.39312
2.78728 0.1228779 0.342495
3.55589 0.1229706 0.43727
0.399339 0.1230421 0.0491355
1.82184 0.1230898 0.22425
19.7879 0.1235705 2.4452
1.84672 0.1235786 0.228215
3.13264 0.1236305 0.38729
7.90658 0.1237071 0.9781
9.90641 0.1238133 1.226545
2.73437 0.1239481 0.33892
7.74414 0.1239544 0.95992
3.0344 0.1242288 0.37696
1.52289 0.1243294 0.18934
6.00144 0.1248142 0.749065
3.42535 0.1250631 0.428385
1.62313 0.125295 0.20337
2.98835 0.1254371 0.37485
24.898 0.1254418 3.12325
1.17353 0.1254548 0.147225
9.16753 0.1254684 1.150235
2.79538 0.1254874 0.350785
15.0423 0.1255759 1.88895
2.10677 0.125747 0.26492
0.760881 0.1257549 0.0956845
6.57021 0.1260797 0.82837
10.2254 0.1262396 1.29085
2.86844 0.1262585 0.362165
3.10796 0.1264479 0.392995
5.80173 0.1265261 0.73407
2.11567 0.1265604 0.26776
23.741 0.1266459 3.0067
6.11807 0.1267271 0.775325
5.73025 0.1271227 0.728445
3.63986 0.127384 0.46366
1.5821 0.1274919 0.201705
2.883 0.1276604 0.368045
3.5491 0.1277817 0.45351
2.34507 0.1279535 0.30006
3.16434 0.1280678 0.40525
4.48312 0.1280816 0.574205
3.51607 0.1281047 0.450425
11.8163 0.1281069 1.51375
3.18988 0.1282415 0.409075
4.87734 0.1283661 0.626085
2.97868 0.1284243 0.382535
4.71771 0.1286143 0.606765
8.86492 0.1286238 1.14024
9.08428 0.1287675 1.16976
41.7209 0.1288527 5.37585
2.54412 0.1288953 0.327925
2.98705 0.129181 0.38587
1.84608 0.1291845 0.238485
5.51453 0.1292395 0.712695
2.39844 0.1292465 0.30999
2.59896 0.1292479 0.33591
1.6808 0.1293015 0.21733
0.478625 0.1295555 0.0620085
5.58638 0.1298068 0.72515
7.19685 0.1302876 0.93766
2.05677 0.1305153 0.26844
3.67068 0.1307918 0.480095
6.73008 0.1308855 0.88087
2.34691 0.1310212 0.307495
3.03303 0.1310571 0.3975
1.77916 0.1311124 0.23327
2.1345 0.1311829 0.28001
1.63683 0.1317394 0.215635
1.31926 0.1317481 0.17381
1.35327 0.1320173 0.178655
2.85681 0.1321106 0.377415
2.14947 0.1323373 0.284455
1.71722 0.1324175 0.22739
1.65325 0.1324966 0.21905
4.96729 0.1326448 0.658885
1.48816 0.1329494 0.19785
4.43346 0.1329684 0.58951
6.21363 0.1332047 0.827685
0.74744 0.13321 0.0995665
1.997 0.133305 0.26621
3.37009 0.1333777 0.449495
6.16499 0.1334374 0.82264
1.96554 0.1336249 0.262645
2.22344 0.1339681 0.29787
5.95423 0.1339972 0.79785
2.61361 0.1340005 0.350225
5.63597 0.1340843 0.755695
6.83516 0.1345375 0.919585
8.87634 0.1345408 1.19423
11.3361 0.1345789 1.5256
6.60857 0.1345942 0.889475
3.33472 0.1346005 0.448855
0.730635 0.1347896 0.098482
0.880882 0.1348637 0.118799
7.32175 0.1349227 0.98787
7.41189 0.1350249 1.00079
2.30873 0.1350959 0.3119
4.11329 0.1351169 0.555775
1.8563 0.1351533 0.250885
8.61115 0.1352462 1.164625
2.48121 0.1353493 0.33583
5.48219 0.135382 0.74219
1.14998 0.1353937 0.1557
0.825403 0.1355562 0.1118885
1.60057 0.1358016 0.21736
3.08313 0.1358603 0.418875
1.44988 0.1359871 0.197165
4.95866 0.1361265 0.675005
10.468 0.1361626 1.42535
1.27871 0.136321 0.174315
11.7796 0.1364138 1.6069
1.39404 0.1364272 0.190185
2.06855 0.1364869 0.28233
2.54432 0.1365198 0.34735
3.02463 0.1366911 0.41344
5.98194 0.1378549 0.82464
1.32525 0.1380758 0.182985
9.70914 0.1381719 1.34153
5.14608 0.1382518 0.711455
6.88112 0.138407 0.952395
2.61326 0.1385721 0.362125
4.09186 0.1386154 0.567195
2.37022 0.1386306 0.328585
1.17925 0.1386771 0.163535
2.21684 0.1389297 0.307985
3.44824 0.1394668 0.480915
1.81686 0.1395842 0.253605
1.61752 0.1406443 0.227495
6.06829 0.1407291 0.853985
1.07007 0.1408599 0.15073
2.35358 0.140896 0.33161
7.81283 0.1413105 1.104035
6.39608 0.1417024 0.90634
8.78811 0.1420948 1.248745
2.17832 0.1422794 0.30993
6.98903 0.1423466 0.994865
5.79988 0.1423848 0.825815
7.75567 0.1423958 1.104375
834.021 0.1426217 118.9495
9.36832 0.1427727 1.33754
3.02253 0.1428439 0.43175
5.74698 0.1431082 0.82244
2.27577 0.1433251 0.326175
2.73256 0.1435046 0.392135
6.23982 0.143549 0.89572
15.593 0.143667 2.2402
0.852825 0.1436725 0.1225275
2.31775 0.143937 0.33361
3.18941 0.1440172 0.45933
2.33809 0.1440193 0.33673
1.66522 0.1441641 0.240065
2.31858 0.1442974 0.334565
3.32246 0.1447692 0.48099
2.14667 0.1447777 0.31079
2.40298 0.1448743 0.34813
1.43332 0.1450513 0.207905
1.85538 0.1453961 0.269765
1.30271 0.1458652 0.19002
1.66379 0.1458808 0.242715
3.22863 0.1461239 0.47178
1.67291 0.1461973 0.244575
2.68147 0.1464104 0.392595
10.195 0.1466111 1.4947
4.42471 0.1468198 0.649635
7.47089 0.1474168 1.101335
2.0555 0.1474848 0.303155
5.83005 0.1478092 0.861735
4.08608 0.1484075 0.606405
0.792038 0.1489083 0.117941
28.4984 0.1490768 4.24845
3.38287 0.1496599 0.50628
5.52399 0.1497441 0.827185
1.8644 0.1498471 0.279375
1.36486 0.1500007 0.20473
1.61702 0.1502393 0.24294
2.58991 0.1502987 0.38926
1.44159 0.1504519 0.21689
6.78858 0.150519 1.02181
1.13536 0.1508464 0.171265
3.49058 0.1510193 0.527145
3.01222 0.1510995 0.455145
1.55781 0.1511417 0.23545
12.6732 0.1515048 1.92005
1.9805 0.1515299 0.300105
5.37963 0.1515309 0.81518
2.03523 0.1515873 0.308515
1.62099 0.1521169 0.24658
2.68642 0.1521598 0.408765
3.4482 0.1522011 0.52482
7.87476 0.1529278 1.20427
2.93958 0.1529929 0.449735
6.32961 0.1530394 0.96868
3.69804 0.1532582 0.566755
1.33652 0.1534395 0.205075
0.616164 0.1534738 0.094565
7.7689 0.1534966 1.1925
5.65659 0.1536023 0.868865
6.7895 0.1539885 1.045505
1.21965 0.1543107 0.188205
10.8692 0.1545008 1.6793
0.561172 0.1548269 0.0868845
2.79413 0.1551055 0.433385
1.52817 0.1551562 0.237105
2.93118 0.1556302 0.45618
1.63793 0.1556721 0.25498
2.70753 0.1557508 0.4217
12.1492 0.1561584 1.8972
0.948523 0.1564522 0.1483985
2.70674 0.156779 0.42436
3.29179 0.1577698 0.519345
2.01771 0.1580306 0.31886
1.89347 0.1581646 0.29948
4.7366 0.1582496 0.749565
4.89363 0.1584948 0.775615
3.2924 0.1589342 0.523275
6.26251 0.1591175 0.996475
2.88715 0.1591379 0.459455
2.15038 0.1591974 0.342335
1.38377 0.1593654 0.220525
1.05732 0.1595496 0.168695
4.94247 0.1596843 0.789235
1.14916 0.1598124 0.18365
1.85699 0.1601166 0.297335
2.68473 0.1604575 0.430785
2.99307 0.1605559 0.480555
0.462086 0.1606703 0.0742435
1.85375 0.1610492 0.298545
3.59715 0.1614473 0.58075
1.72429 0.1615245 0.278515
3.08451 0.1617729 0.49899
2.15341 0.1620058 0.348865
2.23871 0.1621023 0.3629
4.25195 0.1623173 0.690165
1.13364 0.1627545 0.184505
2.66318 0.1627828 0.43352
4.37445 0.1627839 0.71209
1.92416 0.1628087 0.31327
3.91868 0.1629732 0.63864
3.49864 0.1630205 0.57035
0.626417 0.1630296 0.1021245
5.74939 0.1631399 0.937955
3.3967 0.1632202 0.55441
1.46007 0.1632867 0.23841
24.5377 0.1633914 4.00925
0.814142 0.1636066 0.133199
2.82307 0.1637579 0.4623
8.38194 0.163826 1.37318
0.895079 0.1640699 0.1468555
7.33846 0.164155 1.204645
1.88453 0.1643832 0.309785
0.888033 0.1643897 0.1459835
3.72529 0.1645013 0.612815
1.55935 0.164793 0.25697
2.25384 0.1650073 0.3719
0.447454 0.1652304 0.073933
1.95505 0.1654791 0.32352
0.401386 0.1658204 0.066558
1.79464 0.1660333 0.29797
2.33156 0.1661763 0.38745
2.36395 0.1663804 0.393315
3.15793 0.1665173 0.52585
3.09475 0.1668148 0.51625
1.1744 0.1669831 0.196105
0.52994 0.1674482 0.0887375
2.94964 0.1678747 0.49517
2.1509 0.1679344 0.36121
1.52284 0.167992 0.255825
0.941848 0.1680006 0.158231
1.58642 0.1681081 0.26669
5.39124 0.1681784 0.90669
0.392554 0.1682316 0.06604
7.38734 0.168292 1.24323
0.766211 0.1683668 0.1290045
2.01721 0.168909 0.340725
0.97648 0.1689538 0.16498
3.00592 0.1689616 0.507885
4.81815 0.1696647 0.81747
1.22184 0.1699691 0.207675
3.24449 0.1700791 0.55182
2.98636 0.1702943 0.50856
1.98249 0.1707777 0.338565
1.84768 0.171166 0.31626
3.85737 0.1712268 0.660485
4.52485 0.1713549 0.775355
2.26904 0.1717643 0.38974
1.66143 0.1719031 0.285605
1.99235 0.1720983 0.34288
8.0477 0.1725462 1.3886
2.20734 0.1736004 0.383195
1.31303 0.1736366 0.22799
1.72533 0.1737899 0.299845
1.06438 0.1740591 0.185265
1.20875 0.1741923 0.210555
1.12453 0.1741972 0.19589
2.5249 0.1745633 0.440755
66.632 0.174591 11.63335
2.51238 0.1755785 0.44112
1.76085 0.1756708 0.30933
2.976 0.1758098 0.52321
0.784861 0.1759796 0.1381195
1.47771 0.1759953 0.26007
0.381399 0.1762603 0.0672255
1.24069 0.1764381 0.218905
2.36161 0.1766613 0.417205
2.6269 0.1767273 0.464245
0.354811 0.1767814 0.062724
4.11476 0.1768414 0.72766
0.565095 0.1770711 0.100062
1.75221 0.1774274 0.31089
0.760612 0.1779738 0.135369
5.21816 0.1782582 0.93018
1.16118 0.1788569 0.207685
1.25627 0.179022 0.2249
9.82574 0.1797452 1.76613
0.755832 0.1799064 0.135979
1.90044 0.1799189 0.341925
4.51907 0.1801798 0.814245
0.761559 0.1802625 0.1372805
0.309799 0.1803347 0.0558675
1.33229 0.1807564 0.24082
1.45353 0.1811005 0.263235
1.22911 0.1811351 0.222635
1.69639 0.181338 0.30762
1.25195 0.181441 0.227155
2.32136 0.1820248 0.422545
2.36861 0.1821448 0.43143
3.77402 0.1822155 0.687685
0.381406 0.1826374 0.069659
2.8131 0.1826952 0.51394
0.855555 0.1830771 0.1566325
3.11659 0.1842751 0.57431
3.86301 0.1844883 0.71268
7.95906 0.1856589 1.47767
0.579972 0.1861598 0.1079675
3.49854 0.1864978 0.65247
3.53376 0.1868208 0.66018
1.52093 0.1868626 0.284205
0.80318 0.1869195 0.15013
2.96124 0.1879128 0.556455
1.30337 0.1880586 0.24511
11.675 0.1882441 2.19775
2.39566 0.1886161 0.45186
0.482979 0.1888302 0.091201
4.88541 0.1892359 0.924495
1.4242 0.1892922 0.26959
0.513309 0.1900697 0.0975645
3.36427 0.1911321 0.64302
0.605729 0.191277 0.115862
2.05755 0.1912809 0.39357
0.821506 0.1915592 0.157367
8.01061 0.1922007 1.539645
0.534495 0.1923938 0.1028335
0.7923 0.1924334 0.152465
3.26079 0.1925285 0.627795
0.630114 0.1933968 0.121862
4.82181 0.1938753 0.93483
0.599476 0.1947901 0.116772
0.828748 0.1958026 0.162271
1.1053 0.1961097 0.21676
3.06636 0.1962294 0.60171
1.53288 0.1963689 0.30101
1.21985 0.1966881 0.23993
0.756042 0.1975142 0.149329
3.34849 0.197707 0.66202
0.866134 0.1984196 0.171858
1.52747 0.1987764 0.303625
7.39595 0.1989433 1.471375
2.13294 0.1997009 0.42595
1.45849 0.2006596 0.29266
0.965945 0.2008991 0.1940575
2.49504 0.201087 0.50172
1.56659 0.2014599 0.315605
0.979341 0.2024111 0.1982295
0.170126 0.202447 0.0344415
0.862568 0.2027214 0.174861
0.866666 0.2031948 0.176102
0.556866 0.2034538 0.1132965
0.288621 0.2037932 0.058819
3.1782 0.2051366 0.651965
1.15128 0.2058101 0.236945
4.99047 0.2060587 1.02833
1.4972 0.2063185 0.3089
2.51087 0.2066296 0.51882
3.75995 0.2068751 0.77784
1.50617 0.2069587 0.311715
3.38909 0.207417 0.702955
1.00867 0.2076546 0.209455
1.8176 0.2077795 0.37766
1.25825 0.2078403 0.261515
1.10299 0.2079031 0.229315
1.49884 0.2081476 0.31198
1.41334 0.2081806 0.29423
2.67861 0.2090618 0.559995
0.962681 0.2090978 0.2012945
5.26144 0.2092013 1.1007
1.23519 0.2092269 0.258435
0.774127 0.2092699 0.1620015
1.17346 0.2093765 0.245695
6.1956 0.2094083 1.29741
1.98649 0.2096638 0.416495
0.35649 0.2097871 0.074787
1.40154 0.2098156 0.294065
4.05509 0.2101741 0.852275
3.65051 0.2102419 0.76749
0.613131 0.2106825 0.129176
0.342965 0.210886 0.0723265
0.918582 0.2112702 0.194069
3.15746 0.2121436 0.669835
0.965946 0.2121775 0.204952
0.729439 0.2124174 0.1549455
1.89397 0.212931 0.403285
0.446051 0.2133904 0.095183
0.821027 0.2139229 0.1756365
0.423828 0.2143405 0.0908435
3.94363 0.2143507 0.84532
1.33179 0.2148086 0.28608
0.231542 0.2152979 0.0498505
0.611556 0.2153262 0.131684
0.8948 0.2155621 0.192885
0.677181 0.2157215 0.1460825
0.674862 0.2157752 0.1456185
0.846871 0.2159886 0.1829145
73.6197 0.2163164 15.92515
1.936 0.2164514 0.41905
3.66233 0.2169657 0.7946
0.332532 0.2191473 0.0728735
0.181193 0.2192331 0.0397235
1.95128 0.2195405 0.428385
14.2179 0.2200008 3.12795
8.04409 0.2202928 1.772055
0.680291 0.2207276 0.150159
0.474951 0.2207449 0.104843
0.552379 0.2211054 0.122134
1.72778 0.221119 0.382045
0.885611 0.2212535 0.1959445
1.97345 0.2215182 0.437155
2.20932 0.2224259 0.49141
0.844524 0.223893 0.189083
0.59025 0.2245404 0.132535
3.05251 0.2258142 0.6893
1.28475 0.226799 0.29138
3.82225 0.2268441 0.867055
2.13989 0.227972 0.487835
0.814267 0.2282869 0.1858865
0.827837 0.2291109 0.1896665
2.20918 0.2303502 0.508885
0.501822 0.2307671 0.115804
1.59869 0.2308202 0.36901
1.40084 0.2320929 0.325125
43.5454 0.2324666 10.12285
0.522154 0.2325348 0.121419
0.436793 0.2328334 0.1017
1.271 0.233037 0.29619
1.71755 0.2338127 0.401585
1.28895 0.2342449 0.30193
1.54761 0.2350851 0.36382
0.80184 0.2353649 0.188725
1.23704 0.2355219 0.29135
0.594233 0.2359967 0.140237
0.620645 0.2361374 0.1465575
1.05683 0.2368309 0.25029
3.16165 0.2375959 0.751195
1.02802 0.2381082 0.24478
3.08288 0.2383907 0.73493
0.728667 0.2385335 0.1738115
0.705413 0.2386878 0.1683735
0.748181 0.2389723 0.1787945
1.41316 0.2394421 0.33837
0.970112 0.2399352 0.232764
0.916008 0.242166 0.221826
0.930271 0.2424557 0.2255495
2.96305 0.2440948 0.723265
0.21296 0.2442477 0.052015
0.552399 0.2447063 0.1351755
78.3337 0.2448901 19.18315
1.34248 0.2450316 0.32895
1.2127 0.2474314 0.30006
0.977888 0.2475345 0.242061
0.288768 0.24871 0.0718195
4.51712 0.2488123 1.123915
0.770338 0.2505537 0.193011
1.4671 0.2525356 0.370495
0.361468 0.2532741 0.0915505
1.31794 0.2538052 0.3345
5.94921 0.2542724 1.51272
1.31854 0.2554151 0.336775
1.53072 0.2554158 0.39097
0.867347 0.2557241 0.2218015
0.921892 0.2557881 0.235809
1.63044 0.2567252 0.418575
1.81644 0.258302 0.46919
0.743858 0.2592108 0.192816
1.92191 0.2594684 0.498675
0.303064 0.2603707 0.078909
0.373322 0.2611928 0.097509
4.84187 0.2618627 1.267905
0.638741 0.2619473 0.1673165
0.68475 0.2629354 0.180045
1.57593 0.2631589 0.41472
1.79293 0.2642685 0.473815
1.12433 0.2642729 0.29713
0.645097 0.2671838 0.1723595
0.551963 0.2682807 0.148081
0.666242 0.2696753 0.179669
0.557368 0.2704569 0.150744
0.442821 0.2705213 0.1197925
0.551761 0.2721894 0.1501835
0.783606 0.27248 0.213517
0.723413 0.2751796 0.1990685
0.20673 0.2762081 0.0571005
0.785963 0.2766205 0.2174135
1.42262 0.2783456 0.39598
0.229771 0.2784599 0.063982
0.729424 0.2792518 0.203693
1.01009 0.2793711 0.28219
0.336885 0.2802499 0.094412
2.40647 0.2802674 0.674455
0.24301 0.2803794 0.068135
1.11808 0.2803824 0.31349
0.261411 0.2804033 0.0733005
0.627873 0.2807279 0.1762615
0.529842 0.2812235 0.149004
3.02553 0.2817506 0.852445
0.302707 0.2826413 0.0855575
1.32033 0.2848341 0.376075
1.16129 0.2850451 0.33102
0.235445 0.2854998 0.0672195
1.63313 0.2861468 0.467315
1.64258 0.2909386 0.47789
0.333945 0.2911767 0.097237
0.579637 0.2923235 0.1694415
0.466814 0.2931628 0.1368525
1.16223 0.2971658 0.345375
0.472667 0.2971828 0.1404685
0.123898 0.2980153 0.0369235
0.44753 0.2983476 0.1335195
1.12061 0.2984223 0.334415
1.50617 0.2996541 0.45133
0.517873 0.3005708 0.1556575
1.62488 0.3039886 0.493945
0.801605 0.304617 0.2441825
0.335157 0.3062565 0.102644
0.926715 0.3064076 0.2839525
0.238112 0.3090163 0.0735805
0.358658 0.3093044 0.1109345
0.201998 0.3093273 0.0624835
0.428109 0.3094691 0.1324865
0.305774 0.3106772 0.094997
0.330652 0.3112487 0.102915
0.341527 0.311845 0.1065035
2.28667 0.3119121 0.71324
0.259877 0.3119303 0.0810635
1.09435 0.3123315 0.3418
7.55238 0.3125055 2.36016
1.1993 0.3135788 0.376075
0.888178 0.3140711 0.278951
0.527557 0.3147319 0.166039
0.248127 0.3155098 0.0782865
0.655251 0.3172746 0.2078945
2.17868 0.318211 0.69328
0.425401 0.318322 0.1354145
0.511398 0.3194811 0.163382
0.439701 0.3218141 0.141502
0.695731 0.3220634 0.2240695
0.917948 0.322247 0.295806
0.344346 0.3232229 0.1113005
0.663116 0.3238227 0.214732
1.42949 0.3276378 0.468355
0.423464 0.3282747 0.1390125
0.37474 0.3283343 0.12304
1.52818 0.3295849 0.503665
1.45721 0.3306696 0.481855
0.123302 0.3308138 0.04079
0.251596 0.3309274 0.08326
0.810663 0.3327135 0.2697185
0.107736 0.3349902 0.0360905
0.346078 0.3376565 0.1168555
0.300026 0.338564 0.101578
0.317936 0.3404537 0.1082425
0.272937 0.3418042 0.093291
2.06733 0.3432156 0.70954
0.15902 0.3438718 0.0546825
0.268612 0.3456156 0.0928365
1.00118 0.3492579 0.34967
0.101582 0.3517208 0.0357285
0.288182 0.3537122 0.1019335
0.154279 0.358354 0.0552865
0.599479 0.362966 0.2175905
1.07207 0.3654006 0.391735
0.555016 0.3671083 0.203751
0.24454 0.3710702 0.0907415
0.767169 0.3753352 0.2879455
0.223209 0.3758563 0.0838945
0.318307 0.3808352 0.1212225
0.213675 0.3816661 0.0815525
0.905154 0.3817892 0.345578
0.22882 0.3832161 0.0876875
1.12921 0.3835336 0.43309
0.498532 0.3836785 0.191276
0.277929 0.3854078 0.107116
0.346493 0.3882459 0.1345245
0.390129 0.3882652 0.1514735
0.864513 0.3898536 0.3370335
2.21835 0.3956229 0.87763
0.341819 0.4029399 0.1377325
0.167143 0.4029424 0.067349
0.387328 0.4031209 0.15614
0.553167 0.4054228 0.2242665
0.241944 0.4060072 0.098231
0.172565 0.4065917 0.0701635
0.185184 0.4130081 0.0764825
0.190784 0.4154515 0.0792615
0.299624 0.4162984 0.124733
0.39612 0.4203613 0.1665135
0.165099 0.4204084 0.069409
1.05042 0.4223025 0.443595
0.338906 0.4279727 0.1450425
31.1104 0.429358 13.3575
0.0965298 0.4380368 0.0422836
0.62674 0.4397677 0.27562
11.9511 0.4401185 5.2599
0.70874 0.4405283 0.31222
0.190424 0.4410342 0.0839835
0.0207399 0.4431579 0.00919105
1.68642 0.4442754 0.749235
0.236666 0.4453111 0.10539
0.387072 0.4468342 0.172957
0.459886 0.4487993 0.2063965
0.178271 0.4510156 0.080403
0.204746 0.4514154 0.0924255
0.112002 0.4515544 0.050575
0.189038 0.4528005 0.0855965
0.165716 0.4543888 0.0752995
0.169083 0.4546465 0.076873
0.119193 0.4558909 0.054339
0.379422 0.4590706 0.1741815
0.158174 0.4617004 0.073029
0.509037 0.4621 0.235226
1.02705 0.4644126 0.476975
0.421198 0.4667852 0.196609
0.295197 0.4678588 0.1381105
0.138127 0.4717941 0.0651675
0.96381 0.472396 0.4553
0.346918 0.4769629 0.165467
0.144294 0.479216 0.069148
0.217173 0.4794933 0.104133
0.0940601 0.479831 0.04513295
15.7903 0.4828787 7.6248
0.637426 0.4854869 0.309462
0.202685 0.4857094 0.098446
0.531495 0.4915992 0.2612825
0.153334 0.4924772 0.0755135
0.263397 0.4941837 0.1301665
0.182534 0.4961158 0.090558
0.481203 0.4970272 0.239171
0.330552 0.5009635 0.1655945
0.202592 0.5021867 0.101739
0.602532 0.5024447 0.302739
0.28651 0.5068933 0.14523
0.184187 0.5089827 0.093748
0.319341 0.5097028 0.162769
0.254269 0.5117002 0.1301095
0.200305 0.5187414 0.1039065
0.0889899 0.5218294 0.04643755
0.158234 0.5226626 0.082703
0.32129 0.5230633 0.168055
0.315409 0.5241226 0.165313
0.206558 0.5251842 0.108481
0.28886 0.5259018 0.151912
0.139017 0.526619 0.073209
0.134158 0.5311237 0.0712545
0.336442 0.5370346 0.180681
0.382467 0.5370346 0.205398
1.51546 0.5395721 0.8177
0.302771 0.5404431 0.1636305
0.0805029 0.5408818 0.04354255
2.19659 0.5436085 1.194085
0.0479594 0.5462183 0.0261963
0.612936 0.5474992 0.335582
0.266494 0.5490274 0.1463125
0.117726 0.5519596 0.06498
0.0804359 0.5539386 0.04455655
0.245135 0.5576866 0.1367085
0.12721 0.5576881 0.0709435
0.10153 0.5619521 0.057055
0.0924928 0.5640828 0.0521736
2.71987 0.5674536 1.5434
0.143662 0.5706137 0.0819755
0.173199 0.5706153 0.09883
0.652969 0.5781293 0.3775005
0.0854271 0.5854518 0.05001345
0.581072 0.5998293 0.348544
0.107587 0.608884 0.065508
0.103241 0.6101452 0.062992
0.71437 0.6129527 0.437875
0.143457 0.6264804 0.089873
0.175161 0.6285018 0.110089
0.105092 0.6290013 0.066103
0.143505 0.6363332 0.091317
0.0850591 0.638238 0.05428795
0.793826 0.6450179 0.512032
0.149648 0.6478102 0.0969435
0.35756 0.6537392 0.233751
0.111876 0.6611561 0.0739675
0.245875 0.6667311 0.1639325
0.193819 0.672287 0.130302
0.06568 0.6772838 0.044484
0.297079 0.6860263 0.203804
0.146007 0.6887581 0.1005635
13.2996 0.6917388 9.19985
0.12966 0.6953571 0.09016
0.119398 0.6959999 0.083101
0.0679263 0.6978718 0.04740385
0.0843381 0.697875 0.05885745
0.193504 0.7006522 0.135579
0.146122 0.7056569 0.103112
0.0715617 0.7084677 0.05069915
0.114406 0.7138043 0.0816635
0.115287 0.7156921 0.08251
0.194723 0.7192294 0.1400505
0.822446 0.7204206 0.592507
0.447012 0.7242736 0.323759
0.0907853 0.7288939 0.06617285
0.0623792 0.738602 0.0460734
0.400096 0.7391339 0.2957245
0.0905306 0.7630646 0.0690807
0.0480865 0.7630676 0.03669325
0.0401032 0.7655474 0.0307009
0.12069 0.7901359 0.0953615
0.0607119 0.7928849 0.04813755
0.159957 0.7928881 0.126828
0.257044 0.7953794 0.2044475
0.0741377 0.7980103 0.05916265
0.0294223 0.8025443 0.0236127
0.0476063 0.8039871 0.03827485
0.133286 0.8129286 0.108352
0.428254 0.8437586 0.361343
0.158511 0.8455344 0.1340265
0.349736 0.8487859 0.296851
0.0770473 0.8574908 0.06606735
0.0616947 0.8699556 0.05367165
0.0446319 0.8717879 0.03890955
0.0244657 0.8717919 0.021329
0.153146 0.891734 0.1365655
0.109781 0.8927137 0.098003
0.0323023 0.8946902 0.02890055
0.238062 0.8966845 0.2134665
0.026414 0.9128265 0.0241114
0.165472 0.9302661 0.153933
0.057199 0.9369307 0.0535915
0.721759 0.9497706 0.6855055
0.0410143 0.9578208 0.03928435
0.0229647 0.9602695 0.0220523
320.265 0.9821164 314.5375
0.186214 0.9823214 0.182922
0.0757217 0.9879883 0.07481215
0.0680558 0.9899685 0.0673731
0.0509292 1.015967 0.0517424
0.0405209 1.015971 0.04116805
0.0417009 1.015974 0.04236705
0.0841319 1.018978 0.08572855
0.187426 1.031362 0.193304
0.184429 1.032194 0.1903665
0.029968 1.032194 0.0309328
0.0203743 1.032197 0.0210303
0.0558994 1.032199 0.0576993
0.0622774 1.036119 0.0645268
0.614576 1.067243 0.655902
0.167122 1.069895 0.178803
0.045536 1.079135 0.0491395
13.3018 1.100874 14.6436
0.197617 1.146483 0.2265645
0.0218576 1.164437 0.0254518
0.0464621 1.164539 0.05410695
0.0347319 1.178414 0.04092855
0.0375025 1.262483 0.04734625
0.0139967 1.262483 0.0176706
0.0601976 1.273808 0.0766802
0.0935862 1.294383 0.1211364
0.0260045 1.397872 0.03635095
0.0179132 1.397877 0.02504045
0.0608592 1.436601 0.0874304
0.0778633 1.441974 0.1122768
0.016897 1.470273 0.0248432
0.0417358 1.470275 0.0613631
0.056735 1.564299 0.0887505
0.0363986 1.593858 0.0580142
0.00784733 1.60808 0.01261914
0.014371 1.632757 0.02346435
0.066138 1.654903 0.109452
0.0592419 1.662481 0.09848855
0.012595 1.697717 0.02138275
0.210617 1.889859 0.3980365
0.0501812 1.903231 0.0955064
0.0219862 2.079277 0.0457154
0.0079109 2.079277 0.01644895
0.0114726 2.07928 0.02385475
0.00636784 2.079281 0.01324053
0.0204518 2.079284 0.0425251
0.0198155 2.510295 0.04974275
0.00891092 2.882266 0.02568364
0.00479724 2.940541 0.01410648
0.00698673 2.940544 0.02054479
0.00866995 2.940545 0.02549437
0.0192321 2.94055 0.05655295
0.0149785 2.940565 0.04404525
0.652659 3.164686 2.06546
0.0261352 4.324432 0.1130199
3.18935 4.732195 15.09262
0.00994543 8.646412 0.08599229
0.00318065 8.646747 0.02750227
0.00313846 8.646795 0.02713762
0.00727553 8.647169 0.06291273
0.176531 10.0015 1.765575
0.00401738 11.19496 0.04497441
0.00844368 11.65264 0.09839116
0.00258745 12.15783 0.03145778
0.0026366 12.20098 0.0321691
